200 10000
189 118
87 1
170 105
70 121
45 75
73 11
68 120
130 138
101 61
106 45
24 66
76 42
112 178
76 85
134 40
159 87
41 97
144 71
25 171
102 100
145 38
142 87
21 91
62 34
157 14
166 176
18 82
3 39
54 123
175 145
69 116
148 12
142 192
34 78
71 160
197 150
22 26
57 119
166 56
153 141
104 12
64 119
104 22
96 196
175 70
106 159
161 121
58 20
192 130
32 31
41 38
38 55
58 196
115 163
152 183
123 168
140 117
35 169
169 55
63 192
129 156
35 186
44 188
179 178
131 25
196 100
88 185
171 96
86 164
68 2
31 149
32 36
18 128
163 153
192 134
59 36
15 125
39 12
189 26
170 103
33 113
41 55
180 40
115 91
168 41
41 194
169 154
161 175
161 43
90 47
26 86
148 36
78 107
198 70
58 145
48 105
91 96
58 30
53 48
55 83
84 48
102 3
86 10
118 77
84 157
36 164
155 192
12 156
4 6
144 87
82 187
69 85
128 45
145 70
43 107
168 14
103 129
137 126
48 96
84 134
62 52
134 36
110 33
8 12
86 102
32 80
3 135
108 148
20 49
199 196
91 37
25 126
138 160
43 108
42 192
100 79
88 200
104 59
140 113
191 160
38 192
97 53
168 99
67 44
96 197
156 12
27 152
66 106
53 137
95 54
145 193
156 112
77 107
175 35
155 22
38 115
105 118
136 143
103 19
79 111
102 93
198 24
87 77
92 90
192 76
67 18
54 144
198 118
196 147
38 146
189 73
97 138
10 184
154 99
144 71
165 133
9 129
186 53
92 117
148 87
43 38
49 189
138 30
56 52
18 199
162 174
191 145
200 171
100 62
84 33
61 123
107 78
145 80
46 174
197 112
85 117
174 192
40 186
46 10
69 140
81 51
146 70
85 194
67 178
183 32
130 25
111 126
51 155
142 52
200 13
2 107
80 134
13 194
183 11
30 129
88 64
32 135
39 160
18 174
186 37
161 126
180 95
86 184
165 155
123 159
62 193
64 27
122 162
81 131
13 27
16 166
2 183
163 139
168 13
151 12
159 5
200 154
135 95
70 114
53 81
45 14
19 92
40 179
79 49
64 76
186 158
26 1
168 4
112 85
124 31
18 110
2 184
200 39
198 36
1 138
110 90
101 145
68 142
9 125
24 152
147 113
50 56
16 185
141 119
159 68
40 60
55 154
21 58
22 128
166 95
144 118
38 34
70 95
197 117
14 44
164 61
89 95
185 63
29 164
93 154
132 109
69 34
67 41
141 150
7 114
25 58
33 66
187 72
100 174
184 76
106 167
173 184
112 173
45 117
133 42
69 57
6 65
45 95
124 147
160 138
88 66
179 55
52 56
55 2
171 69
189 137
182 51
51 26
25 43
99 122
179 130
69 150
6 16
121 42
26 57
87 120
170 91
131 119
43 162
105 136
43 67
82 107
132 175
25 68
20 167
41 114
93 37
46 12
44 5
4 160
91 142
84 133
18 152
140 105
187 194
58 100
179 25
180 130
44 167
184 69
164 181
39 165
192 4
39 87
82 85
46 165
178 14
59 44
159 79
67 9
160 192
150 183
49 176
114 131
95 128
191 100
123 182
78 30
96 176
41 36
56 108
84 163
30 91
152 144
139 31
193 133
94 182
152 188
180 92
96 62
115 60
26 42
31 83
55 109
199 144
12 133
159 124
168 135
166 176
176 54
114 74
5 67
98 23
172 72
111 115
129 140
131 96
124 28
138 176
27 195
191 192
108 152
6 96
127 98
108 144
103 131
140 158
54 13
63 154
54 138
162 68
146 97
7 165
96 108
56 109
150 11
102 70
95 76
26 41
104 120
179 184
130 34
158 166
47 149
3 1
163 191
76 139
10 40
157 32
175 94
186 149
161 21
159 125
111 15
56 199
195 53
178 53
66 23
154 103
26 188
142 101
200 175
50 187
4 31
72 146
67 111
156 16
4 148
92 121
178 128
90 142
35 82
142 102
28 67
164 117
111 155
48 49
113 36
193 81
130 177
73 113
64 10
176 100
111 161
39 89
180 13
66 111
101 87
146 101
71 55
35 5
169 197
24 33
156 19
69 151
78 50
30 6
52 56
134 98
84 165
173 137
160 54
110 81
64 136
196 40
87 168
112 180
43 35
48 129
86 54
127 58
16 93
6 89
127 157
90 75
114 153
129 154
180 171
31 30
3 42
156 63
39 68
44 167
64 139
129 163
172 195
31 135
58 93
75 55
58 78
177 149
134 79
126 200
71 194
64 28
80 85
26 118
3 60
90 196
11 27
37 72
184 89
56 189
33 39
178 108
33 8
36 74
194 42
108 141
140 25
97 117
88 76
150 200
124 111
9 32
69 62
72 179
184 76
191 83
2 48
156 141
88 200
118 163
131 125
10 69
149 51
49 35
135 12
63 8
186 128
58 75
89 43
34 25
161 134
29 86
72 166
40 103
157 130
169 60
181 52
121 156
161 68
12 95
95 73
109 72
52 149
145 38
47 132
112 41
123 183
73 184
35 148
43 169
73 65
102 52
145 22
165 183
31 3
21 98
5 9
160 193
157 33
85 9
53 116
37 126
147 138
44 172
190 2
126 110
38 114
113 50
83 181
47 163
94 73
164 47
70 25
67 118
60 104
78 6
126 124
69 135
131 38
177 54
186 9
100 19
175 19
12 173
165 180
36 144
150 96
144 31
180 87
27 176
87 120
190 134
83 47
55 110
142 77
42 43
78 38
181 160
174 109
151 65
96 151
93 80
120 18
8 76
185 173
191 84
125 65
81 54
198 34
152 32
143 159
101 158
140 173
113 86
113 69
173 51
193 139
57 80
30 99
133 188
152 157
6 151
55 177
85 43
96 172
114 147
81 7
106 198
72 9
146 68
164 153
110 102
181 196
176 143
71 82
183 111
8 150
200 162
35 141
29 129
132 113
10 67
33 11
143 170
169 42
86 179
27 105
64 61
104 73
90 114
118 197
193 184
44 24
99 158
88 73
171 193
156 117
91 137
131 167
153 183
10 36
166 91
53 129
59 51
2 156
41 170
153 10
63 128
174 132
42 150
192 62
2 166
135 126
73 88
37 60
68 4
119 123
158 42
137 62
37 128
198 18
134 135
98 146
20 19
165 77
132 81
129 5
10 148
98 70
126 72
44 126
126 186
60 38
101 184
169 110
101 152
2 117
155 125
28 135
82 178
87 129
100 185
45 40
144 78
188 189
174 24
132 50
178 83
59 2
100 192
113 144
63 193
7 131
123 62
181 73
50 181
151 74
15 38
110 86
141 166
178 126
154 76
144 113
57 61
73 65
144 31
47 142
49 10
189 97
64 52
13 162
193 165
96 128
84 22
172 92
164 58
95 111
187 111
80 173
52 193
120 166
21 142
37 132
196 158
60 86
65 115
65 131
194 21
95 117
78 44
86 94
28 55
73 178
10 152
170 18
55 177
26 109
165 65
157 139
77 41
52 59
40 83
7 133
80 126
26 133
55 62
137 76
78 42
116 183
178 166
109 187
131 124
79 36
143 188
78 85
152 98
95 165
158 38
39 194
28 149
91 106
189 22
189 8
14 8
174 184
137 173
31 117
81 182
19 155
186 169
111 123
102 192
175 91
47 22
40 196
135 23
141 75
54 174
79 20
180 14
86 161
88 25
117 116
103 67
133 52
155 7
61 158
112 151
35 151
176 185
195 48
103 192
119 37
147 38
13 69
80 118
33 21
38 179
71 139
33 106
164 52
188 152
94 127
200 135
8 139
101 123
180 186
62 116
121 148
151 108
198 159
101 65
15 104
50 101
168 167
195 5
33 159
16 45
77 114
32 53
117 1
98 9
48 143
64 31
183 31
17 62
99 72
57 34
76 155
188 37
133 32
10 190
171 200
137 127
8 183
40 167
93 49
182 81
21 199
199 66
105 61
15 185
171 33
118 5
98 143
128 95
16 188
189 137
32 8
48 46
108 127
105 4
116 14
17 15
52 198
155 9
188 89
122 130
29 140
174 73
168 184
115 181
123 144
134 189
69 92
68 86
24 1
30 150
78 131
48 74
45 179
104 134
156 198
196 35
163 13
89 151
183 84
30 159
38 78
40 136
21 89
7 178
166 75
46 123
45 169
147 140
68 102
96 111
167 24
36 4
160 83
84 200
199 195
90 118
27 19
168 100
197 58
126 45
128 18
27 124
64 118
107 147
60 122
83 141
165 45
158 54
129 108
97 148
37 27
70 91
194 151
58 10
68 38
182 119
155 142
5 166
150 149
31 79
74 94
1 183
161 179
27 131
179 183
184 159
91 4
188 180
174 196
10 165
123 184
63 118
43 111
72 82
187 71
190 122
144 69
149 55
82 73
106 30
144 14
104 103
95 180
49 148
50 130
160 32
56 189
39 96
123 197
23 34
11 143
38 191
120 27
136 62
80 11
174 171
191 37
18 130
51 172
14 2
158 48
179 60
113 1
10 58
4 200
97 98
48 178
177 4
153 115
78 69
15 34
175 22
55 198
83 50
4 196
25 78
89 64
130 82
117 31
61 67
118 59
5 185
61 173
171 77
16 30
37 177
178 2
96 7
128 139
176 169
141 157
51 193
90 46
104 118
23 9
53 106
31 35
22 104
172 53
126 12
49 119
33 12
178 188
67 4
103 82
44 17
28 104
61 162
28 69
105 160
151 156
184 198
198 121
162 152
156 110
103 18
170 148
43 74
29 88
38 22
1 147
100 177
155 12
104 14
176 80
22 20
69 36
50 109
189 114
127 13
42 131
143 196
77 92
21 104
91 69
14 128
200 10
195 60
65 176
101 22
168 90
168 184
82 37
75 185
74 43
2 91
35 128
129 188
95 84
38 162
157 185
162 95
154 178
118 5
142 69
152 11
141 21
42 89
53 114
20 72
54 90
149 141
123 72
22 153
155 152
134 193
8 135
18 183
104 142
170 54
200 179
86 70
84 198
170 23
19 81
105 74
74 171
27 186
84 149
26 25
75 19
159 183
57 151
21 25
176 150
30 76
160 10
14 128
94 100
73 159
144 165
44 175
116 189
185 171
89 58
183 28
132 184
90 97
79 175
196 63
146 144
199 77
186 150
9 87
76 118
146 181
109 73
185 160
190 186
63 48
22 71
176 147
77 129
113 11
34 54
64 42
21 119
62 100
71 49
128 2
66 163
32 53
148 105
4 146
123 172
106 101
45 114
66 173
66 160
181 4
26 85
138 83
15 84
188 89
57 195
160 2
46 80
74 174
46 131
31 121
2 136
157 103
53 179
120 50
116 134
104 60
123 156
129 56
82 177
109 42
108 147
129 105
175 49
35 118
26 12
84 189
99 126
177 71
74 78
95 7
100 51
32 48
55 132
184 94
51 180
95 15
127 166
194 65
60 197
154 73
45 138
192 65
41 51
11 157
171 35
156 160
53 32
144 116
43 150
89 114
89 107
25 190
126 85
184 119
91 49
153 179
139 191
32 200
172 178
29 74
195 156
161 55
86 130
154 185
29 99
2 34
178 133
126 116
68 117
45 58
20 109
146 65
110 83
165 48
174 135
190 159
75 57
139 91
180 79
128 59
155 97
106 184
3 180
156 192
64 89
26 191
8 88
113 90
153 50
157 154
66 53
131 180
150 171
77 198
141 139
24 48
183 75
3 10
23 170
50 129
73 8
9 53
129 192
126 189
112 49
190 41
46 6
97 137
62 193
50 58
46 56
45 138
6 53
17 130
192 198
94 104
40 127
53 2
158 13
46 104
87 167
139 92
179 94
33 53
92 186
103 177
31 44
125 157
145 3
177 88
25 80
46 31
41 13
93 96
38 88
84 92
169 99
45 10
113 25
3 142
86 10
109 28
142 7
148 24
34 128
200 119
137 86
159 6
124 152
71 121
7 87
117 47
31 13
122 190
189 26
134 87
108 106
6 190
53 36
96 99
93 143
51 109
196 198
49 70
103 65
182 190
77 125
77 57
11 123
188 39
73 198
33 7
59 9
182 66
198 118
166 32
101 46
82 10
87 163
13 159
138 122
32 106
40 128
86 60
111 43
153 51
162 137
198 67
97 69
159 106
130 97
80 66
190 11
102 172
112 150
87 89
106 141
118 156
163 111
60 54
133 68
137 21
51 191
178 18
184 11
70 47
54 121
69 60
177 176
195 8
86 179
151 23
95 198
134 136
100 106
66 199
144 31
141 130
21 138
68 104
27 32
169 147
136 23
103 167
191 166
161 51
123 148
54 132
111 188
87 146
34 120
116 66
193 135
111 91
96 45
100 147
62 95
1 159
116 109
193 170
49 75
102 164
65 191
75 25
115 197
104 76
43 181
59 42
107 64
9 149
149 112
173 170
135 14
172 192
82 26
95 86
162 122
106 95
179 199
161 83
36 115
36 30
115 7
105 118
121 22
94 150
17 181
197 77
167 109
46 16
158 97
15 86
192 40
3 6
99 95
39 148
16 181
112 119
64 83
167 200
54 85
47 166
87 177
7 46
65 42
104 60
81 185
51 150
121 27
33 109
80 21
29 199
196 31
130 89
39 158
157 78
145 187
186 18
191 18
70 13
148 79
163 69
111 35
43 103
144 8
134 189
87 157
154 15
143 106
186 102
94 103
19 199
109 62
192 170
88 171
196 7
200 77
33 99
160 23
106 123
128 23
166 141
200 154
37 64
138 167
82 77
87 127
20 175
115 76
137 163
42 68
30 6
190 133
64 28
98 54
173 123
134 120
138 145
157 86
77 163
33 18
162 63
25 186
176 61
7 76
125 181
25 129
58 3
57 70
118 154
84 42
6 48
89 113
52 100
65 100
66 96
125 104
174 168
73 4
102 129
92 140
118 135
119 78
92 137
21 74
184 110
17 81
37 133
16 166
178 98
15 124
71 45
115 130
102 154
57 69
94 151
118 172
31 59
143 26
89 83
173 31
123 52
158 33
155 90
85 55
141 86
9 48
183 102
131 162
120 141
156 40
89 53
182 119
75 42
36 100
40 200
168 31
57 116
82 169
193 28
46 153
14 54
157 4
120 131
35 70
176 160
162 103
87 36
93 40
130 193
185 43
60 128
106 95
171 199
166 88
110 34
111 152
116 152
93 130
28 1
108 101
199 72
180 198
174 199
112 99
60 54
10 56
121 161
38 22
40 127
49 12
114 38
118 18
110 19
161 57
160 24
76 8
120 18
129 157
198 147
83 180
156 109
76 126
117 103
186 158
141 196
3 181
3 49
41 62
132 23
51 32
151 13
191 97
3 65
167 79
145 75
107 99
36 19
116 137
184 181
52 174
166 31
171 39
87 70
167 104
128 36
48 15
116 29
3 79
144 94
10 148
112 5
107 76
192 102
8 120
114 175
88 43
15 117
41 87
22 186
113 197
59 70
195 142
37 22
137 143
120 60
87 16
118 90
8 15
32 113
193 160
60 149
125 153
170 154
199 24
78 75
7 159
159 192
189 137
60 124
168 180
108 181
119 86
15 120
73 159
8 35
73 134
21 168
68 109
157 45
20 3
100 14
117 157
82 108
84 92
154 113
165 118
46 171
155 59
77 21
134 189
133 189
130 75
102 140
63 12
95 23
44 146
88 164
65 34
70 7
27 143
161 17
104 190
82 42
89 179
160 119
88 122
28 12
170 49
137 110
165 13
55 85
56 161
135 119
109 132
98 117
84 101
129 179
123 91
128 180
64 42
125 121
115 32
168 158
43 188
13 10
24 193
32 189
196 159
172 174
93 60
33 164
168 161
71 13
6 41
32 62
177 104
125 18
79 185
109 155
70 68
79 176
68 171
136 93
4 69
193 14
181 82
50 130
180 167
142 154
43 22
96 18
97 4
133 43
21 197
190 106
28 134
155 107
173 19
136 48
27 80
94 4
55 171
1 163
177 120
185 33
5 81
49 193
159 43
79 170
69 163
161 123
78 97
14 48
15 63
111 170
53 5
75 81
32 151
153 63
92 35
89 101
138 38
71 8
11 70
28 121
34 10
132 46
155 179
161 177
180 2
58 102
11 75
115 45
132 154
150 151
9 142
107 49
118 20
83 135
175 60
94 46
109 11
1 62
119 110
41 3
112 157
190 187
39 7
161 60
162 152
75 85
80 110
191 174
111 1
189 61
92 52
45 138
39 44
200 139
160 67
105 84
77 84
118 140
176 179
196 14
188 2
130 157
123 108
192 71
163 162
125 184
46 132
186 91
171 38
93 76
7 78
68 110
121 9
189 54
197 60
170 186
152 53
99 37
32 21
4 81
127 84
59 164
159 147
13 102
162 88
176 48
39 55
24 198
130 137
181 45
67 57
68 46
11 71
56 169
68 65
184 56
36 70
59 99
58 193
138 42
146 75
4 17
91 16
82 93
108 146
170 17
44 107
33 128
13 143
48 131
104 148
45 123
2 31
98 44
143 181
26 148
123 194
72 52
120 76
79 191
130 45
143 137
120 125
104 83
61 64
175 191
68 21
137 16
21 77
141 54
109 78
100 137
130 119
60 92
2 21
47 38
39 161
108 80
83 109
115 121
101 105
100 129
43 34
66 164
134 20
108 33
120 56
178 20
153 117
96 124
33 191
148 186
163 69
147 157
130 76
193 50
195 10
190 16
4 102
46 80
195 145
100 89
63 77
84 166
193 13
50 187
94 97
122 13
72 200
188 167
184 107
178 23
25 175
136 175
150 135
99 36
80 40
99 127
13 93
112 50
115 146
162 156
183 157
112 171
124 157
164 18
70 35
111 198
132 92
77 80
37 117
188 140
152 123
185 46
5 9
21 147
174 116
66 168
169 58
103 126
108 100
110 122
125 158
66 97
104 173
14 156
174 126
195 25
60 139
160 42
186 195
171 148
75 46
172 182
116 169
97 71
169 98
50 45
194 144
68 65
92 59
19 11
64 105
99 72
134 6
48 68
8 119
89 113
181 137
175 168
110 170
133 186
81 6
175 3
181 25
174 33
123 51
155 174
36 173
142 67
139 186
185 47
24 135
36 177
59 187
184 200
50 140
167 177
69 2
35 179
40 22
189 170
112 5
16 155
67 193
98 85
24 71
34 79
178 1
22 86
183 166
51 122
9 31
200 109
30 51
141 104
122 56
92 175
161 69
74 46
134 151
119 135
112 19
93 64
173 8
53 77
58 16
140 93
71 5
41 134
87 107
132 25
133 164
46 95
145 29
90 179
12 99
97 119
163 159
70 180
45 77
102 77
102 41
168 109
113 11
39 12
25 89
19 179
82 128
107 119
193 49
95 33
188 35
39 127
15 51
199 85
25 122
29 10
107 104
136 107
187 10
176 11
158 132
129 70
89 1
179 62
170 88
97 163
197 151
9 8
68 89
174 17
88 152
156 5
11 20
141 18
127 132
119 63
58 190
169 30
5 55
34 169
200 43
120 108
164 39
182 54
184 14
50 161
175 89
29 126
147 35
84 179
114 11
18 109
81 120
169 16
183 153
93 150
76 91
182 15
147 68
104 25
77 36
53 146
39 83
127 84
55 67
105 185
28 56
169 178
117 83
13 76
91 65
191 143
181 147
40 123
34 116
107 50
4 9
198 80
86 16
18 50
106 132
30 128
49 132
109 134
157 7
104 140
52 164
149 78
105 110
161 116
79 150
162 105
14 2
45 95
147 92
90 158
90 25
180 65
177 121
193 77
193 139
1 45
128 88
70 160
21 199
82 11
36 30
198 60
19 144
29 19
118 29
144 21
171 166
89 150
123 47
97 197
126 14
141 67
84 144
56 144
85 39
177 180
84 160
198 141
187 14
35 69
86 129
165 183
175 22
128 84
30 32
179 9
111 128
139 113
120 80
140 130
82 169
198 78
66 62
68 190
177 152
147 180
48 45
79 101
123 22
181 99
101 134
143 199
150 75
66 52
17 80
183 147
160 27
185 157
187 101
43 42
7 78
159 123
3 97
94 45
48 138
106 169
149 16
33 149
26 180
153 53
109 69
135 97
74 162
38 151
179 178
123 147
43 9
87 4
71 168
127 97
99 186
76 111
30 184
84 119
4 163
140 22
162 137
70 26
78 141
113 84
158 97
48 32
132 159
135 133
78 62
85 63
8 83
118 184
15 147
104 53
68 8
66 123
42 23
57 5
99 59
174 181
114 200
67 182
137 93
62 152
94 98
167 79
109 185
117 118
113 166
55 85
44 49
158 102
113 24
170 18
96 98
27 134
30 177
182 94
125 153
78 75
81 100
131 99
20 107
28 82
14 183
115 16
2 200
75 48
56 6
165 58
52 163
83 187
141 97
96 194
110 20
111 2
127 76
181 36
91 150
159 137
77 23
127 181
91 64
190 81
66 149
129 153
146 27
90 160
28 153
29 148
200 176
175 65
13 166
70 44
109 138
47 146
137 122
7 68
45 37
89 66
2 94
186 108
108 29
31 50
193 122
96 22
34 149
133 200
90 32
49 126
48 149
123 62
48 181
42 93
97 139
120 52
184 101
51 52
175 159
81 112
128 186
155 123
102 27
89 176
173 166
200 113
109 108
91 155
18 41
5 3
94 40
10 143
56 168
51 27
32 156
110 43
35 36
155 106
62 197
81 60
122 82
118 14
149 125
92 173
79 16
33 66
108 38
139 172
164 121
23 85
179 89
24 182
15 131
185 9
134 61
10 139
174 14
193 91
125 196
79 37
155 179
190 75
123 198
186 79
168 25
79 77
152 79
153 10
186 129
134 122
124 190
29 39
2 27
48 38
48 199
171 70
106 135
35 55
176 151
136 114
147 117
57 187
47 142
121 105
50 180
26 110
99 181
20 144
124 166
136 52
173 177
144 142
50 101
170 41
175 119
96 159
104 115
3 185
163 127
122 185
11 109
102 31
32 169
76 53
191 95
13 120
146 15
68 174
148 17
158 4
187 54
197 138
85 64
172 93
111 151
13 9
158 38
96 200
180 118
16 89
133 18
23 164
145 111
198 22
82 140
173 159
30 116
200 76
96 41
46 161
100 129
87 54
27 119
70 9
2 68
168 85
129 1
119 87
185 198
33 190
13 115
103 94
84 46
42 116
23 12
82 96
25 178
67 153
12 92
65 153
29 120
181 114
109 18
195 69
102 77
189 40
103 78
61 147
115 27
184 70
53 78
114 55
78 112
66 46
118 62
136 140
63 136
192 8
102 129
56 184
133 67
171 192
172 19
34 89
135 47
94 32
128 193
184 196
23 17
191 170
168 123
9 68
103 157
25 169
64 114
37 97
78 45
131 33
43 120
175 60
74 197
26 131
40 188
180 130
116 107
74 174
111 68
171 8
20 65
152 178
153 45
94 137
180 63
61 96
135 200
32 98
150 50
156 54
6 47
149 166
21 50
185 57
171 176
103 150
109 58
117 142
180 129
81 23
200 191
194 99
110 93
200 104
122 15
181 68
136 179
140 124
181 142
66 106
130 139
1 172
182 134
158 182
85 66
80 28
136 159
60 41
142 11
19 30
199 114
148 163
93 194
45 131
41 106
63 86
150 182
10 160
13 140
69 146
123 5
179 127
87 183
97 4
112 154
42 189
194 39
85 19
85 117
135 188
27 192
6 61
7 151
11 155
200 133
99 73
132 168
175 21
183 161
151 26
140 93
121 125
104 92
34 155
131 194
62 63
33 158
100 196
22 97
140 174
169 51
154 31
55 191
123 142
186 58
133 154
31 8
23 68
1 131
132 188
91 80
92 133
66 100
174 170
196 183
121 7
54 199
146 154
62 36
108 178
145 91
138 75
174 61
9 54
195 111
185 196
197 54
169 128
152 4
60 167
195 92
58 53
103 136
19 169
168 159
119 82
95 191
102 97
97 194
162 116
116 144
101 82
57 182
10 124
173 80
194 65
159 66
76 7
81 52
100 18
175 2
152 94
193 78
76 156
33 132
165 197
72 13
78 34
15 83
62 51
13 198
45 125
123 69
112 44
75 8
20 175
123 60
83 92
35 92
82 45
3 115
106 162
99 23
112 157
150 17
102 152
112 114
128 160
153 1
60 69
80 39
117 59
133 50
10 91
145 46
112 52
50 172
139 81
143 89
78 159
171 47
85 135
191 159
5 185
9 54
46 25
135 81
27 103
9 154
40 80
188 72
43 10
187 173
52 54
95 29
113 73
9 196
158 157
52 114
114 123
55 105
89 42
95 155
1 74
62 146
139 99
62 118
73 98
142 41
126 16
139 172
155 103
84 156
91 56
111 65
114 162
166 116
59 135
90 95
150 163
180 72
76 32
35 57
17 4
143 174
190 157
15 200
31 108
87 64
50 77
190 112
132 53
21 52
197 75
87 142
63 71
194 105
135 111
174 151
149 67
180 177
101 113
73 148
121 156
188 56
85 106
37 161
3 67
153 38
162 186
33 107
18 39
91 196
134 11
37 146
62 120
15 155
199 56
104 137
75 182
131 170
5 160
192 164
93 182
152 81
143 152
151 165
104 26
12 57
80 167
96 62
83 142
162 11
134 45
182 172
92 43
120 156
181 169
111 176
8 71
109 108
36 72
152 36
12 48
107 79
23 42
103 59
183 64
29 24
73 188
197 112
100 60
109 28
92 50
153 116
166 9
43 50
58 192
182 195
12 152
172 54
187 151
59 164
64 143
146 42
62 17
156 94
59 7
117 165
4 101
187 160
104 13
61 164
168 48
38 74
188 95
99 161
162 52
170 7
147 68
117 43
108 110
82 9
141 163
89 116
97 198
182 87
139 157
6 48
96 94
22 102
118 1
156 157
41 106
18 35
122 142
130 101
8 2
147 139
117 126
179 148
199 53
175 47
157 170
128 17
186 114
80 84
172 36
124 12
198 39
92 130
127 58
172 24
125 2
23 67
180 38
75 63
200 105
99 133
122 177
83 151
73 67
43 23
140 25
182 191
101 50
93 44
69 88
83 191
141 48
171 198
99 37
89 129
192 26
53 105
51 61
15 158
17 56
155 27
101 170
71 64
162 142
51 63
104 135
73 106
52 100
24 8
199 187
100 132
105 29
104 29
118 78
14 33
23 198
79 5
19 16
114 15
44 149
31 4
195 141
124 139
81 152
41 109
25 154
44 196
200 176
43 52
74 134
76 109
164 130
109 137
121 1
120 145
68 44
182 109
13 112
82 86
119 134
177 140
173 34
118 125
117 178
17 34
53 92
153 72
93 82
2 77
63 167
162 48
108 124
134 106
81 121
76 155
146 167
173 195
183 120
15 183
62 1
170 8
188 41
198 119
49 42
78 18
9 12
170 39
165 100
75 68
172 83
90 1
127 196
80 187
171 45
105 110
61 38
61 195
10 49
200 83
90 16
142 183
129 8
182 38
122 10
26 158
68 28
12 59
2 152
113 40
178 176
85 72
10 113
71 193
101 85
50 188
15 191
22 7
53 191
7 32
124 189
102 78
104 102
67 159
30 189
1 11
200 152
99 148
22 89
154 184
41 171
196 151
86 94
152 190
140 103
84 29
20 21
162 89
184 103
123 140
59 156
82 102
61 65
57 109
197 111
143 186
41 88
126 24
23 84
123 13
166 91
130 62
118 139
26 163
169 155
17 49
20 7
83 82
78 9
127 169
199 17
154 45
64 132
173 94
83 24
182 104
97 19
24 17
30 141
102 72
158 181
74 162
51 43
42 67
82 7
96 195
42 66
136 15
77 90
184 71
137 36
166 8
132 81
127 165
116 165
99 19
188 197
78 58
145 41
79 61
193 186
188 93
61 40
166 6
125 71
60 7
35 199
85 116
1 39
159 50
108 147
20 116
27 186
34 111
184 115
30 98
99 105
45 64
188 91
40 71
134 100
21 8
116 21
192 84
157 86
7 47
142 162
180 87
128 158
57 116
110 78
150 199
167 73
155 34
12 24
189 35
93 194
81 188
195 46
122 44
155 103
131 26
71 61
93 197
149 197
83 57
91 15
61 154
66 148
85 99
114 143
167 191
145 132
86 30
47 177
104 149
85 1
58 37
48 31
154 60
88 85
91 197
8 91
4 34
9 185
173 154
62 109
35 191
18 6
151 130
105 157
184 97
106 179
158 183
185 40
199 62
36 89
97 86
18 84
153 31
13 169
143 50
89 58
46 59
196 57
120 49
43 163
138 63
109 23
18 21
141 59
121 172
138 22
178 108
143 86
122 39
96 85
136 36
12 186
88 97
200 48
101 133
69 137
106 155
16 183
125 198
21 109
130 64
38 46
119 167
63 192
103 4
109 136
144 128
136 199
100 79
31 145
136 104
185 92
23 10
172 30
26 79
80 87
132 193
182 131
14 199
11 51
91 135
160 58
97 81
164 78
109 164
149 6
62 176
170 184
97 54
122 89
131 67
25 105
171 76
68 180
11 108
142 19
22 90
178 183
113 3
56 153
112 116
145 40
175 110
22 113
172 83
118 159
133 200
45 39
116 28
71 186
161 152
45 58
89 69
8 167
100 162
111 52
180 32
76 78
179 2
46 158
70 168
54 164
58 66
168 31
117 95
94 105
141 115
49 164
151 127
109 31
66 192
178 105
94 183
35 127
4 110
182 185
54 79
28 168
168 129
187 118
182 153
83 59
161 40
25 27
14 15
101 104
66 20
59 200
160 123
111 137
69 75
94 46
199 55
100 60
169 23
11 63
100 39
15 43
42 200
116 158
200 55
131 31
32 122
73 151
177 59
194 82
168 22
117 161
162 178
187 146
163 135
76 2
25 105
71 144
7 20
122 16
146 114
95 68
19 17
165 149
123 151
3 133
114 109
104 10
190 100
19 193
147 13
87 12
111 145
51 61
111 7
66 83
13 90
45 177
68 177
192 66
73 41
143 15
68 23
123 45
129 50
86 164
65 61
77 109
2 130
177 18
13 25
96 105
139 160
135 191
86 102
157 61
133 163
85 123
104 64
162 127
132 80
7 23
27 126
200 68
143 67
4 6
22 95
17 61
73 44
5 50
72 44
6 41
200 39
16 196
81 104
89 9
113 126
127 101
156 182
69 198
164 12
94 39
161 78
199 92
144 15
117 70
65 39
101 166
106 69
129 107
31 37
171 74
60 29
101 20
196 71
77 61
48 65
63 100
77 11
131 184
168 2
139 116
69 39
179 141
176 174
32 117
84 51
128 87
93 50
98 88
87 99
176 173
10 73
98 146
65 136
8 21
103 137
153 62
99 117
92 196
187 35
46 41
110 134
62 18
142 48
181 26
169 97
93 91
189 90
7 188
64 21
18 141
139 155
142 42
79 20
108 98
124 53
4 140
11 166
174 32
44 167
105 169
186 81
128 148
148 75
114 67
179 25
12 81
161 193
7 77
106 181
18 70
159 193
6 154
166 45
147 165
36 132
122 9
12 3
89 186
81 9
94 96
98 173
167 185
95 133
70 11
156 168
7 157
75 180
125 36
170 160
165 125
137 7
12 43
131 10
100 128
84 86
139 185
45 156
169 20
20 6
143 200
107 162
123 45
184 132
11 150
165 14
114 110
26 185
119 8
22 138
37 119
103 87
178 36
9 116
97 91
76 139
95 155
95 87
119 196
185 49
74 161
192 136
89 90
75 160
184 168
59 98
157 65
85 40
98 7
22 48
143 23
5 48
25 32
130 134
39 84
73 193
115 69
28 26
22 40
71 72
34 2
103 143
27 173
148 9
118 77
109 75
94 62
44 194
40 4
95 59
136 22
31 147
46 193
22 197
148 145
59 172
59 169
172 114
10 151
98 140
105 159
77 192
25 160
77 14
24 189
11 61
194 196
70 109
141 145
72 19
107 114
54 122
100 156
1 39
185 44
196 124
66 157
198 47
20 105
66 64
195 187
192 79
166 11
119 179
145 51
27 40
186 144
123 57
92 13
27 166
187 65
52 194
52 156
102 161
78 80
45 136
6 105
181 173
152 33
39 62
181 1
7 186
153 33
23 9
71 28
53 20
22 28
8 54
54 20
175 187
106 170
179 129
26 36
158 149
31 101
80 57
93 74
134 144
163 20
41 133
10 142
174 126
84 138
141 174
10 13
167 139
161 97
85 139
173 139
123 160
95 76
10 196
104 9
197 69
165 197
40 60
113 24
20 165
199 192
8 22
72 158
69 147
4 137
144 133
35 101
4 63
178 81
193 160
97 78
61 66
1 172
20 154
39 9
17 51
28 156
138 158
38 179
171 105
105 44
88 193
149 185
122 171
132 155
25 85
199 187
64 122
58 97
46 112
196 146
118 8
6 48
63 133
147 47
160 50
142 43
50 19
64 188
116 120
81 46
65 95
50 124
23 157
125 87
56 98
133 154
160 50
146 37
17 132
43 148
20 173
89 175
68 6
22 176
157 2
107 79
141 56
12 119
137 145
19 115
141 108
146 86
8 115
160 156
192 7
185 42
83 183
109 61
47 117
27 120
147 88
69 66
18 135
129 40
108 58
108 25
81 158
133 60
73 188
52 171
146 186
158 44
47 68
13 108
200 71
49 83
47 151
162 110
165 133
166 105
164 148
32 172
132 63
15 60
95 39
103 84
190 28
114 52
81 103
23 13
89 159
70 119
57 181
87 6
73 187
192 168
62 120
64 67
191 16
170 43
62 77
101 68
120 29
81 37
90 150
120 67
63 170
94 50
194 15
152 73
193 107
187 5
96 42
8 143
172 200
117 97
173 16
97 108
177 155
15 126
58 159
98 22
51 187
76 89
45 182
179 18
28 58
56 175
25 191
176 73
166 119
194 157
179 57
167 119
186 193
161 80
186 153
108 91
166 106
41 104
138 91
43 187
190 89
65 42
91 154
172 136
92 104
39 158
142 77
138 195
27 162
84 40
148 170
170 14
164 159
190 129
158 107
143 190
96 167
50 81
103 93
2 80
99 190
129 116
18 130
17 104
195 11
95 83
183 82
190 133
99 107
30 136
193 90
114 36
166 46
65 144
104 79
50 114
76 173
169 17
77 9
146 136
197 97
87 34
178 48
43 88
174 112
123 162
197 56
65 171
15 80
17 39
88 109
79 139
96 86
65 166
107 71
67 132
118 186
174 121
97 18
161 69
18 157
125 143
61 198
151 85
129 136
123 10
16 90
37 8
160 38
124 22
143 117
69 112
108 19
148 63
73 132
57 65
47 188
104 73
126 178
2 182
30 106
34 114
120 26
193 5
78 138
14 17
69 21
156 82
141 129
191 153
24 135
137 151
165 121
104 35
23 159
27 101
192 138
21 7
146 26
185 131
45 99
126 163
150 8
141 66
47 167
59 91
78 137
75 5
25 41
109 68
174 98
35 118
66 182
157 112
135 75
7 66
100 13
83 172
9 131
84 133
192 31
20 105
166 41
156 170
58 120
38 74
40 46
26 18
146 64
37 180
40 123
135 111
64 124
109 53
110 79
19 83
199 175
71 158
24 52
51 198
127 151
192 195
100 195
5 45
96 186
122 76
71 4
103 144
186 34
180 55
4 86
117 173
1 103
96 162
36 146
34 101
132 114
192 68
139 199
14 196
120 103
46 39
123 150
31 154
179 55
82 88
74 98
200 150
72 196
39 59
28 102
25 9
90 157
164 86
44 162
141 39
154 167
187 148
15 139
53 50
76 151
3 115
13 109
130 144
113 141
179 73
170 98
64 22
108 189
18 6
166 187
29 169
170 136
195 182
76 37
118 128
71 79
148 4
101 132
110 101
112 113
111 93
127 170
48 57
85 45
12 122
200 158
14 141
199 161
156 31
157 4
170 195
174 79
40 142
3 170
8 133
74 55
122 60
13 94
147 33
190 122
42 167
130 99
80 199
73 74
10 128
32 26
165 30
57 133
28 116
136 84
56 86
150 57
11 55
157 47
62 155
95 154
60 13
49 47
85 193
86 28
7 84
82 114
62 178
100 34
107 193
110 104
81 121
178 94
102 37
96 143
111 6
177 146
53 113
138 185
108 8
166 54
89 102
48 164
47 46
89 151
44 86
8 127
158 43
195 1
18 94
40 76
116 84
138 45
86 155
39 188
200 183
141 34
182 35
47 15
168 109
41 188
53 162
181 152
55 6
44 141
34 40
135 81
188 1
119 106
69 67
188 110
81 174
190 36
38 154
72 131
116 67
93 171
152 117
93 136
108 23
138 145
68 40
66 54
176 177
148 7
127 35
48 114
15 35
2 97
155 112
77 78
88 27
7 39
114 200
6 151
127 123
126 147
115 14
58 128
53 49
34 88
21 121
8 49
168 41
12 191
135 110
186 101
87 189
168 93
32 131
86 97
11 174
174 136
118 130
84 191
149 102
187 75
54 123
159 66
69 190
154 65
69 10
71 13
157 78
37 102
75 174
185 25
183 141
189 72
2 10
12 104
71 169
8 58
77 198
140 144
165 83
40 44
136 160
144 64
87 96
191 122
43 125
118 35
65 66
165 3
177 14
102 37
5 131
137 31
29 53
147 184
109 200
148 42
55 153
179 61
174 182
95 41
106 170
185 181
136 156
36 118
111 163
162 80
165 13
82 76
96 176
108 132
152 71
147 32
139 178
96 108
138 67
198 134
187 28
193 28
53 134
183 184
59 36
130 94
40 79
29 174
137 106
42 155
36 144
44 130
120 35
68 84
92 103
58 189
40 60
185 45
7 128
6 95
92 200
179 43
43 134
157 46
35 118
28 178
180 111
156 85
76 28
198 53
25 76
14 153
34 70
190 165
141 139
105 114
89 180
110 91
23 116
45 162
23 42
19 188
189 194
189 18
67 57
63 165
70 123
103 10
172 142
32 143
116 159
199 175
198 192
79 50
35 30
172 26
31 12
73 197
152 131
30 42
109 189
181 9
134 39
168 52
81 22
50 39
138 144
58 117
154 74
32 148
31 3
55 107
136 81
23 122
90 110
111 163
23 14
190 38
132 42
184 198
143 126
160 140
189 49
184 66
53 163
148 197
68 192
4 65
30 167
57 183
175 190
15 103
181 168
108 185
22 195
6 168
137 131
196 126
30 67
8 70
185 134
117 103
117 6
129 173
67 159
99 198
97 84
113 116
154 125
132 190
130 53
106 152
20 12
183 66
149 59
179 71
188 111
22 56
130 65
110 44
187 17
6 77
173 59
164 117
136 146
163 174
173 82
45 2
138 168
112 131
5 100
105 66
134 200
134 59
55 56
93 144
100 55
167 65
55 81
39 8
1 141
56 89
111 174
7 75
43 37
2 41
121 92
33 190
17 82
69 182
165 94
9 172
88 14
102 31
28 188
188 104
77 103
65 34
68 12
139 129
97 13
88 71
195 85
58 115
165 55
154 162
152 102
56 159
46 88
147 70
32 4
172 84
103 175
77 196
145 64
80 107
74 111
154 84
155 109
120 130
140 157
48 71
84 5
9 26
155 77
171 130
119 108
149 154
91 181
43 138
154 138
26 60
75 136
32 78
54 16
109 1
96 11
61 41
151 87
151 37
81 32
142 169
43 94
175 151
120 114
48 131
10 161
153 71
8 105
96 66
36 2
6 106
22 25
200 139
175 62
17 138
97 182
20 190
25 76
26 129
139 164
138 42
10 42
98 131
80 169
153 134
172 19
159 32
27 170
77 131
28 49
31 86
112 111
21 28
60 177
164 192
106 121
128 51
35 77
147 174
82 74
8 56
130 67
56 185
145 143
79 125
30 176
48 177
120 35
173 93
107 163
159 37
56 16
40 10
94 143
41 30
8 73
151 132
131 32
126 33
125 121
62 14
172 4
172 167
42 10
200 63
153 109
173 19
59 142
105 176
67 33
139 56
97 64
87 186
136 155
171 96
105 2
167 37
169 98
47 166
58 13
111 139
177 28
166 154
186 89
46 156
61 186
177 24
165 169
1 95
110 40
175 99
73 145
75 19
89 183
83 144
26 40
46 65
124 20
36 72
141 67
65 30
62 56
48 1
141 74
67 13
121 190
125 152
93 54
23 132
43 19
52 143
186 131
24 61
57 126
148 144
123 12
117 175
195 141
63 189
159 134
65 21
64 53
111 126
170 36
100 146
157 162
112 90
189 43
19 12
84 94
47 125
162 144
118 53
175 58
74 8
7 174
68 84
145 34
32 123
48 33
16 121
163 51
53 133
176 24
131 26
115 4
108 196
19 128
104 146
198 98
118 69
96 172
73 109
4 181
78 168
105 171
122 167
148 56
25 170
76 186
3 48
24 110
141 84
137 84
80 151
114 13
121 22
88 85
51 31
167 58
177 112
17 111
10 183
4 31
43 186
63 60
136 193
66 149
125 99
131 157
191 72
112 101
156 146
55 108
90 101
98 166
123 51
128 172
189 20
128 50
164 147
188 9
35 198
161 95
108 192
122 132
81 162
164 64
110 53
189 158
3 77
145 192
186 79
133 39
155 22
167 195
185 106
137 65
135 48
148 81
89 80
197 27
159 84
17 169
48 97
161 63
17 13
34 155
63 174
119 71
136 44
49 178
23 88
55 125
134 30
194 70
129 162
55 78
60 4
22 17
5 89
61 6
172 99
79 56
126 110
41 168
126 198
30 118
30 162
150 31
142 108
28 106
30 153
134 41
36 38
122 67
101 31
97 87
100 25
145 97
45 194
50 140
43 176
154 143
167 72
70 129
121 195
106 89
145 71
75 180
106 126
89 38
186 187
126 30
182 128
196 108
106 6
51 18
92 70
89 74
33 189
145 103
130 107
121 81
15 170
167 44
33 64
160 98
133 170
175 198
168 18
4 11
186 190
63 132
195 166
35 151
12 185
3 119
125 182
137 15
3 109
149 32
149 166
142 192
33 27
88 84
150 24
157 51
13 22
163 168
63 128
52 118
147 70
90 126
91 32
163 126
44 173
50 103
35 11
200 26
35 143
11 110
141 46
52 152
85 195
66 42
190 65
160 68
152 14
143 51
90 36
4 70
85 101
90 52
45 25
12 9
173 193
41 12
183 155
18 85
98 19
88 64
110 90
138 68
22 23
118 179
129 10
196 111
30 71
137 85
185 6
81 165
15 4
30 73
64 75
7 121
81 6
146 171
92 152
111 128
196 125
29 95
145 157
115 83
116 63
117 39
18 139
9 42
156 194
192 84
88 54
103 2
151 147
116 167
172 58
82 86
184 146
18 108
104 129
92 180
16 96
78 164
122 143
149 12
54 155
190 77
120 127
45 106
7 187
36 182
3 112
49 118
27 97
29 80
122 177
92 176
145 102
29 151
179 145
44 138
135 94
178 112
190 177
68 183
25 47
16 119
173 104
156 127
60 196
106 85
156 58
49 3
16 46
81 92
30 64
180 61
192 81
81 74
152 22
57 123
188 116
113 70
69 67
109 102
105 104
111 97
54 66
58 126
54 53
193 29
51 105
139 13
126 182
68 27
25 52
197 154
94 73
178 115
50 84
59 30
97 132
129 179
140 182
16 7
60 89
58 117
161 49
128 26
143 146
61 143
120 158
167 49
110 117
86 174
25 50
163 128
125 84
38 21
183 130
171 43
140 189
199 24
10 50
66 27
182 200
138 1
48 51
180 92
45 37
127 141
106 79
62 81
84 196
155 43
25 158
61 112
12 79
83 144
45 167
88 13
98 35
48 28
14 193
58 145
166 138
97 66
18 36
54 157
109 198
57 168
170 111
115 39
27 167
175 16
148 127
30 187
116 85
44 106
95 147
14 44
185 80
149 90
65 166
154 83
192 57
35 58
193 125
189 101
51 102
2 104
64 124
173 10
77 198
96 197
58 173
51 105
148 53
168 172
14 5
133 152
27 167
118 37
159 144
29 148
142 197
189 46
16 107
198 144
120 82
194 52
82 36
122 37
78 36
16 34
6 176
14 18
145 6
35 122
61 192
182 37
186 30
89 72
121 175
189 84
130 9
152 179
39 98
192 124
37 195
39 149
25 57
170 5
58 113
77 37
124 195
160 27
76 42
25 31
2 89
52 50
51 156
169 97
120 160
31 84
96 178
97 115
1 75
16 105
115 118
179 195
6 116
4 34
121 196
176 103
130 81
43 196
11 190
65 169
48 147
52 80
168 96
120 92
10 103
11 200
165 185
75 172
66 84
56 111
54 135
192 40
92 164
168 138
194 129
109 141
165 143
48 42
40 89
135 178
163 175
17 117
8 29
44 21
145 183
49 45
178 82
7 119
162 31
102 168
116 71
162 41
21 110
125 147
62 179
97 192
159 168
19 173
91 127
130 109
49 132
56 43
189 73
140 195
5 117
55 90
124 107
63 164
197 145
183 185
9 180
12 34
120 135
93 39
76 185
84 123
55 35
68 1
29 157
88 33
81 51
103 156
174 104
113 162
113 120
128 78
167 96
23 151
46 48
48 10
48 161
74 77
176 45
128 1
96 169
179 93
64 176
103 84
7 173
162 90
191 29
136 142
8 90
141 90
177 37
52 88
16 177
164 123
33 133
190 185
70 35
193 138
183 192
95 17
44 145
23 166
42 61
135 26
105 5
18 103
198 94
143 60
108 55
58 76
118 97
118 29
145 109
86 79
172 77
73 48
191 33
40 124
192 57
141 198
169 190
135 61
66 71
86 72
56 3
156 142
6 122
37 98
92 38
33 149
38 145
45 187
31 136
112 2
196 103
101 76
125 100
10 140
175 126
171 57
100 135
82 147
99 96
124 30
179 40
6 72
91 97
36 179
163 179
12 75
87 94
108 52
140 71
164 127
136 22
24 168
159 62
38 174
177 160
171 21
29 160
155 174
162 40
28 1
2 28
14 63
125 97
48 19
61 50
164 81
154 109
127 118
143 170
118 2
86 197
147 3
50 41
127 193
118 165
156 88
2 199
148 161
69 33
134 166
181 132
19 176
7 165
119 152
112 110
98 61
96 15
84 33
5 6
171 63
182 138
44 123
54 24
125 81
91 168
35 54
57 125
178 163
111 159
20 109
59 144
4 77
92 72
162 51
5 25
34 45
106 47
62 115
99 66
69 169
140 85
116 198
114 189
112 163
129 144
75 127
13 134
166 39
64 108
102 16
179 94
191 152
18 110
190 21
124 84
114 36
140 143
25 32
46 29
62 154
148 14
46 154
7 62
155 103
131 158
198 193
161 148
115 88
168 179
49 194
92 199
181 9
171 14
165 113
91 98
134 17
25 158
3 143
83 180
28 2
168 31
133 135
34 25
27 180
180 92
29 74
197 167
95 12
61 35
60 124
13 131
130 102
41 196
33 117
145 112
195 129
162 102
5 189
62 161
153 95
145 39
159 166
89 36
31 83
59 9
96 138
199 115
106 63
75 57
34 102
100 12
79 46
114 143
83 39
5 16
77 140
176 76
37 190
37 158
93 146
55 175
102 193
111 160
49 79
105 157
11 199
87 91
119 43
2 194
15 185
182 91
168 151
8 24
150 67
137 117
93 46
58 142
155 6
93 191
60 170
153 42
113 48
72 119
162 2
18 73
95 171
119 76
119 45
35 20
27 2
123 164
153 185
188 16
5 61
114 152
101 191
110 192
28 73
172 81
129 97
60 154
148 41
146 147
135 139
33 87
192 111
145 13
165 41
124 1
2 195
185 31
176 79
161 9
162 154
87 177
106 152
48 24
148 181
12 142
143 153
75 20
80 183
167 130
14 23
63 54
102 62
81 47
95 132
90 180
57 108
126 31
44 111
95 127
22 190
127 192
142 149
157 66
94 62
79 167
116 54
12 175
197 149
65 126
31 180
7 57
168 15
45 17
20 184
186 62
114 45
86 7
56 199
140 2
108 149
120 50
154 51
63 92
124 89
79 173
182 130
102 39
114 47
77 99
126 170
193 67
48 126
26 171
31 52
123 54
150 146
135 15
123 160
137 3
50 104
176 134
26 5
157 132
82 41
27 124
62 71
180 58
20 154
196 85
152 127
76 50
89 191
126 158
98 71
135 7
65 172
152 158
186 99
74 184
195 35
54 51
190 31
57 179
196 200
37 111
78 8
60 61
70 94
164 52
23 14
99 194
131 172
140 147
18 139
115 109
32 1
39 21
159 41
177 200
105 7
60 75
191 137
139 86
26 196
198 20
9 174
38 185
46 185
113 117
177 3
15 104
28 120
98 162
28 100
154 199
175 173
109 53
48 5
27 180
96 80
56 38
44 175
93 173
160 163
178 34
132 123
43 120
74 13
82 192
153 167
77 62
177 90
115 57
91 53
134 67
53 74
15 178
76 9
87 102
144 140
105 134
39 12
88 129
77 159
36 148
42 112
126 140
13 43
68 52
158 96
73 125
36 140
166 123
103 76
102 110
181 52
118 53
92 54
163 16
47 53
89 45
25 31
104 162
185 114
91 141
168 20
192 84
148 33
48 198
162 126
84 185
127 182
39 162
3 176
192 171
144 191
156 118
55 78
68 9
118 39
162 84
29 18
124 81
135 89
153 169
87 41
198 131
9 2
1 198
164 3
132 169
176 92
112 152
199 186
102 11
174 88
158 190
163 175
179 117
137 105
76 172
48 106
161 132
165 123
14 58
96 144
162 9
12 132
19 162
156 85
156 147
165 86
118 143
7 39
3 130
80 111
151 92
176 146
40 22
20 155
67 89
57 168
160 39
181 175
138 158
19 107
51 56
60 156
116 107
86 3
50 173
137 178
122 198
166 40
84 141
86 167
42 151
196 192
89 186
177 131
159 8
47 11
174 105
184 5
179 38
42 70
17 36
101 85
37 137
182 113
129 65
85 115
118 2
147 121
165 105
141 82
52 140
106 116
63 139
86 11
11 79
102 122
159 76
2 96
47 197
39 62
6 85
129 166
164 184
12 187
7 154
98 172
103 178
6 38
195 46
144 188
97 180
75 122
149 34
195 24
187 162
137 198
77 136
82 123
133 154
131 89
190 79
6 131
70 12
103 189
124 71
128 89
73 127
42 62
177 98
114 23
68 158
3 193
114 151
44 53
167 191
152 104
114 42
61 190
65 148
8 97
96 123
40 147
162 112
98 78
99 92
165 74
11 124
167 101
16 37
162 96
38 7
196 106
133 139
133 134
155 9
162 180
149 113
129 139
56 22
138 152
195 41
145 74
16 33
198 98
98 48
114 63
140 72
95 118
34 139
84 59
180 111
3 157
66 77
98 34
177 35
183 25
23 36
88 153
105 187
88 117
7 58
3 97
70 96
156 178
168 136
184 65
154 155
193 35
88 138
195 69
58 158
187 5
52 57
134 21
167 33
56 79
130 34
43 166
70 183
161 125
144 58
57 193
140 7
108 99
164 64
50 70
109 123
54 93
95 165
21 111
196 62
91 77
69 3
199 1
45 99
95 30
26 113
67 143
15 29
19 3
137 51
103 47
51 167
86 148
177 11
66 172
42 6
44 39
189 185
198 182
188 93
28 48
165 74
28 140
174 191
193 160
174 162
28 20
1 160
4 136
135 71
12 53
53 174
55 107
126 42
89 63
187 149
58 135
190 141
52 57
169 147
94 26
46 37
26 89
94 184
2 85
159 168
104 188
143 123
54 11
68 56
41 102
142 193
67 177
155 32
13 169
39 183
4 115
46 170
56 180
97 85
104 97
111 187
158 59
5 119
164 27
107 73
104 58
11 108
164 111
199 130
9 23
195 152
141 85
68 21
84 72
2 172
79 77
73 65
14 19
5 196
166 105
75 8
42 62
146 94
76 128
58 176
124 92
87 165
194 75
60 166
101 72
113 174
36 101
37 30
135 59
34 131
77 108
31 191
31 186
141 42
142 96
75 174
139 104
186 97
165 116
200 34
4 125
60 133
131 43
128 55
21 184
94 155
67 48
112 9
200 187
30 121
167 151
108 181
104 94
118 105
8 172
153 65
98 121
194 37
163 97
21 162
127 176
101 166
84 83
1 183
178 136
168 103
138 74
126 25
157 180
118 196
78 98
172 126
111 58
112 91
156 45
94 153
173 189
71 186
98 186
124 200
143 83
187 156
126 10
42 177
195 48
164 189
96 98
132 33
53 184
77 140
169 91
179 51
183 142
19 7
61 7
154 146
183 197
102 29
161 98
18 186
116 72
100 46
20 39
39 79
34 132
94 179
77 114
10 146
169 5
114 157
106 91
140 62
49 103
66 105
200 170
151 154
87 4
169 135
97 177
66 138
196 103
44 23
171 133
40 94
148 161
26 162
20 179
195 18
81 144
138 9
139 135
41 12
62 93
165 50
106 78
85 118
87 84
62 28
128 140
151 141
3 42
52 127
31 179
143 163
145 104
62 35
8 146
151 28
18 170
179 98
22 15
176 113
149 45
115 20
86 98
79 169
62 58
143 134
95 20
30 84
8 52
9 154
43 42
94 62
67 191
78 104
35 36
153 94
50 109
143 85
68 126
123 138
175 182
104 76
35 69
191 151
119 163
9 178
183 168
191 101
54 48
62 67
102 85
59 150
86 187
172 155
41 35
127 153
168 7
55 96
145 70
131 58
190 56
98 195
29 104
180 64
52 186
80 12
56 78
54 74
13 144
105 13
106 116
36 16
185 118
77 54
50 73
137 38
37 86
90 162
6 154
75 63
162 134
184 61
63 85
115 23
140 181
175 147
154 152
131 42
66 58
107 9
53 177
58 73
20 129
64 67
1 76
192 131
94 11
137 31
144 124
120 151
67 130
93 125
91 197
184 108
137 37
117 106
164 81
27 93
26 109
61 123
88 146
163 18
188 17
19 101
73 51
106 152
60 77
41 71
149 135
101 53
45 143
111 38
50 175
72 128
74 73
112 79
179 110
138 69
50 172
90 119
33 175
62 79
98 29
132 135
196 73
167 115
189 46
62 200
10 112
21 16
60 24
164 57
112 166
31 132
153 184
4 149
147 82
191 48
8 126
48 62
74 83
170 34
84 26
128 132
176 36
20 49
1 61
192 97
116 23
123 77
119 89
87 98
116 93
130 48
77 118
137 148
165 123
199 36
85 163
161 123
45 153
151 148
58 185
107 188
46 163
186 36
177 36
137 164
111 66
117 22
17 4
42 49
35 95
23 16
62 42
134 63
91 95
107 35
125 107
199 97
153 144
71 109
187 32
123 125
134 115
25 152
188 140
198 40
169 35
103 40
174 185
64 163
170 50
162 95
130 121
176 8
195 128
34 197
161 148
189 161
78 50
19 185
19 34
10 158
44 148
93 77
149 36
46 47
187 188
6 133
81 74
155 99
29 27
163 2
19 184
165 108
186 55
3 71
173 181
87 178
148 168
157 123
184 28
2 73
142 122
21 107
31 178
131 31
156 149
81 135
22 84
34 82
123 190
151 53
194 61
157 131
8 5
191 162
114 17
131 183
98 68
124 125
52 39
163 195
35 140
122 176
17 151
172 42
184 114
120 65
58 67
183 90
102 145
74 75
58 173
123 156
115 13
48 177
12 72
111 38
101 71
173 44
183 54
63 6
146 147
63 6
155 76
70 21
151 184
1 145
154 5
118 5
126 153
104 47
111 141
21 87
133 49
49 164
164 156
114 163
182 138
193 92
152 168
150 2
5 165
62 190
156 90
107 133
48 118
174 108
109 155
90 184
66 109
64 181
88 182
32 71
97 53
177 56
173 19
70 20
166 178
196 34
195 42
133 98
196 48
20 82
151 192
125 182
20 31
177 176
131 181
5 71
18 69
99 157
167 37
123 47
104 9
175 157
139 34
120 64
200 3
99 90
7 156
49 17
200 15
158 171
10 30
112 15
136 105
119 168
7 98
143 144
187 184
148 122
31 139
148 181
150 28
139 184
105 95
155 154
73 103
15 45
38 2
139 186
107 158
27 72
21 115
138 168
87 79
38 48
16 153
137 156
13 77
75 65
36 128
73 125
86 173
101 178
151 115
107 105
95 148
173 8
154 138
182 133
185 146
109 173
144 52
141 41
48 136
172 17
198 120
6 80
31 110
113 47
74 96
197 30
34 3
10 191
175 139
195 177
72 185
158 129
64 177
85 196
125 179
105 79
24 156
13 23
104 141
168 136
200 145
11 56
154 103
55 38
59 127
176 103
149 131
178 126
131 26
36 78
91 97
179 13
102 115
138 131
19 22
5 156
77 116
26 165
76 141
154 155
19 98
157 170
76 195
93 146
180 22
74 114
114 87
13 153
21 87
136 168
167 184
85 171
97 193
17 143
15 165
10 66
134 150
54 134
121 166
7 158
25 60
100 128
141 96
107 195
127 137
15 41
11 54
58 104
74 25
117 151
22 192
12 89
7 198
29 22
136 189
1 68
162 127
193 45
176 49
75 1
101 102
159 169
154 137
156 107
44 158
95 88
14 48
160 170
53 24
200 97
156 71
64 84
140 39
83 192
129 29
187 152
38 1
182 184
117 81
77 111
30 99
82 13
162 51
48 150
92 160
8 118
14 114
118 141
22 193
84 116
170 156
83 21
159 164
126 92
27 17
37 167
82 162
178 17
168 126
108 95
187 63
172 35
2 142
115 19
172 34
32 169
130 124
66 100
144 53
94 56
169 80
82 196
157 118
133 23
89 42
26 85
44 76
197 88
119 180
159 17
2 10
15 69
59 60
42 23
100 24
24 21
59 21
187 78
135 177
10 34
130 172
4 190
82 77
157 136
74 192
163 146
14 163
106 79
113 20
91 34
174 182
122 26
132 68
65 43
33 100
159 165
179 185
159 60
49 159
91 191
100 107
41 111
128 94
196 115
88 22
96 194
195 118
135 185
82 55
66 174
30 7
59 22
195 97
160 103
185 141
1 49
137 146
83 140
44 112
150 57
74 101
131 121
175 53
135 120
111 73
113 196
45 83
191 14
64 84
7 58
51 139
143 105
64 27
35 66
72 147
76 28
164 86
165 19
172 111
121 181
96 64
101 161
87 170
166 103
18 111
91 158
37 144
193 155
170 100
49 57
165 174
109 184
121 161
86 163
173 169
21 159
25 81
107 103
128 143
155 83
81 94
133 151
105 55
143 19
25 27
31 33
75 55
145 152
94 139
64 137
164 113
37 171
119 3
81 73
26 48
189 102
128 123
185 99
42 55
124 24
78 140
41 32
122 156
188 68
126 95
198 185
175 39
148 126
158 37
96 50
179 115
95 197
152 184
5 117
124 96
154 38
197 141
174 160
46 196
48 101
190 16
49 116
79 164
6 108
113 75
187 112
119 108
132 56
39 85
63 194
48 177
136 125
40 47
111 101
125 8
7 163
115 133
78 64
180 30
191 93
99 66
147 122
34 194
48 96
182 101
93 61
59 12
43 57
18 15
74 154
61 128
70 161
132 1
145 29
30 26
110 99
147 101
176 28
121 125
77 83
50 6
15 3
126 161
41 106
198 26
151 2
111 37
164 115
54 124
74 183
52 190
103 88
7 161
69 130
157 103
17 10
133 54
77 119
146 2
52 153
101 68
121 165
98 189
128 190
175 35
114 153
80 121
144 163
112 198
9 37
64 17
33 109
27 9
127 168
19 60
134 128
199 44
167 16
189 130
7 40
51 104
164 74
124 130
189 149
16 102
131 153
113 185
54 6
2 21
192 81
184 29
66 163
47 184
81 22
43 166
146 99
157 89
65 93
45 119
105 163
103 34
83 56
186 48
51 142
42 161
41 154
96 163
69 88
193 138
20 7
18 38
177 68
156 157
141 171
150 194
77 17
156 161
136 198
12 175
71 3
27 78
167 189
102 110
5 117
163 194
124 169
37 59
148 156
103 23
73 142
179 196
107 86
62 5
197 48
25 123
28 18
134 78
173 85
116 113
116 163
94 152
199 85
59 175
115 12
66 93
3 83
190 99
8 192
97 75
149 66
43 130
58 47
126 28
31 32
116 167
169 38
119 186
153 31
89 144
189 198
166 12
121 129
114 110
175 62
67 52
65 86
176 141
91 89
39 125
48 172
153 106
34 178
138 196
31 11
3 174
168 50
55 168
51 20
9 92
21 24
44 88
28 113
179 12
4 35
51 172
200 20
1 14
107 192
7 100
179 50
71 127
185 64
6 130
53 64
73 128
55 195
145 147
88 41
97 67
62 173
157 154
20 62
155 193
100 105
12 200
53 31
13 76
36 17
181 188
188 103
156 134
60 199
74 168
154 119
6 63
76 159
5 84
57 128
61 133
94 195
64 137
78 103
144 107
127 183
10 49
183 186
78 3
33 43
18 56
74 108
163 48
163 88
159 46
16 180
191 97
4 129
27 180
134 51
128 20
166 161
56 148
101 26
66 44
8 153
129 23
23 189
168 184
68 169
43 26
42 106
192 48
179 157
104 145
14 73
41 185
130 164
13 90
8 73
184 94
58 162
96 47
112 55
180 23
58 187
157 68
168 76
102 77
85 149
1 132
110 193
64 113
17 16
44 15
24 47
147 13
147 150
59 118
173 42
155 1
198 144
194 73
160 65
100 158
137 6
148 22
17 195
53 184
114 110
172 96
10 110
188 94
16 196
78 162
196 139
161 144
178 135
12 194
183 156
59 147
109 138
144 21
114 199
65 173
74 24
36 59
37 197
46 102
199 118
71 76
15 8
9 14
41 14
68 87
151 87
132 36
52 120
12 137
146 93
22 112
191 167
181 5
154 199
80 72
133 141
141 39
113 187
131 18
111 38
63 74
154 47
67 138
38 78
18 168
132 187
50 114
186 12
18 58
86 20
115 150
135 91
134 76
93 185
193 24
184 149
21 151
108 82
159 179
195 151
53 51
5 70
126 3
10 180
86 135
81 164
65 155
82 67
130 63
184 101
132 34
108 103
49 6
163 178
55 168
25 45
92 101
179 2
87 159
188 2
24 200
90 61
75 30
188 53
68 108
118 168
29 145
61 110
39 144
132 42
78 26
88 116
138 31
163 101
115 170
98 127
156 67
10 179
119 106
156 176
127 95
22 2
98 115
126 175
91 144
60 46
25 117
22 150
7 131
25 190
60 78
121 36
46 11
110 24
176 129
142 114
115 179
3 37
126 179
37 82
33 128
166 155
71 57
89 135
62 151
77 82
113 163
20 117
143 195
7 23
77 32
141 18
177 141
184 89
118 175
129 77
192 94
152 182
33 107
73 127
135 82
141 169
89 156
155 43
180 15
45 123
83 9
128 150
160 46
35 192
146 13
2 169
54 16
103 66
132 119
73 16
113 20
3 56
60 84
55 16
122 16
42 93
163 157
167 170
176 193
118 146
181 133
29 2
94 183
16 54
108 166
29 135
195 106
13 96
93 116
119 110
147 126
140 65
199 51
176 142
65 52
90 160
49 125
98 62
37 9
111 174
177 5
64 41
26 182
98 40
42 77
150 50
73 46
92 21
52 105
146 108
28 53
98 8
182 73
196 69
149 32
149 131
167 66
101 55
148 188
180 141
53 152
120 56
49 83
190 11
113 117
120 109
197 93
35 34
93 25
187 52
92 189
136 72
174 83
59 147
128 184
86 67
30 3
166 45
1 144
136 8
135 85
168 151
172 62
168 33
18 150
11 140
113 59
158 98
57 173
145 42
158 127
47 142
150 47
172 73
26 149
88 78
164 66
168 99
67 12
51 19
117 54
162 169
158 31
158 23
101 42
105 139
181 162
39 106
107 85
186 59
74 79
90 171
151 149
37 164
198 148
33 110
110 7
134 28
54 45
25 130
122 136
187 43
66 7
3 100
72 124
25 44
52 13
185 122
72 55
175 33
160 126
191 61
52 160
104 96
181 136
123 134
123 141
36 168
127 99
103 107
21 122
133 10
165 160
73 55
49 44
162 189
94 145
198 121
159 81
131 62
17 30
101 145
165 75
96 154
165 197
139 197
155 157
111 66
10 47
88 136
160 64
56 111
36 138
95 72
10 196
182 9
162 42
118 20
170 194
156 193
67 69
193 104
52 125
194 49
144 102
178 118
18 87
76 62
42 137
129 104
166 168
39 153
156 37
141 106
70 13
10 76
150 174
109 95
28 34
180 159
1 172
29 18
6 101
165 188
53 175
27 110
135 21
161 12
74 28
168 93
117 179
27 82
43 45
134 105
123 156
148 131
82 192
34 144
3 150
200 98
180 162
105 147
5 63
90 23
195 18
126 85
8 51
122 194
187 84
11 131
72 79
5 178
53 178
104 37
2 157
41 116
181 145
150 71
1 155
132 80
68 4
13 121
15 23
191 162
161 86
71 48
3 120
105 170
70 134
165 180
86 193
134 191
161 187
164 195
123 107
27 155
72 31
193 104
71 56
106 54
82 137
28 70
160 71
123 33
155 174
123 57
122 137
69 125
103 167
57 32
107 58
128 3
154 20
24 39
126 138
181 180
22 144
15 161
46 32
119 57
170 17
177 51
149 122
29 65
14 44
19 117
57 38
189 168
82 97
139 162
141 168
143 47
122 142
74 119
41 181
151 79
119 182
81 1
74 26
137 102
45 157
200 12
82 52
59 165
61 49
36 132
79 69
130 102
180 36
138 152
101 90
119 50
102 171
170 86
85 73
128 198
130 155
175 170
139 133
182 188
110 73
131 23
161 131
180 153
95 9
97 96
169 142
129 199
187 94
187 132
92 130
118 52
37 147
188 86
28 35
63 139
89 106
101 67
24 54
145 177
198 63
85 31
13 194
117 162
62 158
123 40
188 144
10 120
140 132
75 55
39 152
143 24
136 21
1 82
117 125
37 196
174 179
176 152
18 42
148 133
138 164
39 167
21 177
171 75
156 88
165 72
11 147
186 136
156 131
62 136
95 151
146 101
38 175
186 63
41 84
16 61
146 150
150 145
193 186
134 154
77 61
122 188
189 165
124 95
21 40
5 109
77 74
34 21
53 155
160 191
52 117
91 18
121 182
87 57
15 55
88 73
47 181
49 160
117 12
23 110
122 118
117 121
150 15
139 186
186 23
166 200
142 140
170 65
9 162
16 101
134 75
21 162
114 34
16 90
120 54
175 130
71 193
168 25
33 32
36 140
5 103
20 42
86 51
99 23
161 190
47 55
198 67
173 7
112 128
107 43
80 73
128 19
62 158
197 163
21 52
126 82
103 144
104 2
71 93
171 153
124 69
198 169
80 143
150 153
91 36
64 25
137 20
84 91
146 14
123 173
182 94
66 86
85 100
152 70
56 116
66 13
95 99
33 123
146 132
57 27
140 40
52 20
11 68
90 153
150 115
97 110
121 30
198 149
21 177
18 125
61 196
30 107
22 64
61 175
19 49
132 198
104 46
14 117
191 47
184 95
129 75
142 48
122 169
173 40
78 146
154 180
149 123
88 10
22 174
144 11
19 129
36 86
119 108
71 18
120 158
120 155
105 155
95 102
1 47
45 50
157 186
39 60
172 52
39 10
104 175
88 135
98 190
148 7
107 125
181 145
29 61
42 140
190 107
155 14
85 153
139 1
66 152
92 81
1 123
147 36
159 178
1 144
136 61
16 59
56 161
104 84
8 38
19 36
179 138
168 197
58 174
183 91
165 172
112 166
182 29
191 163
112 151
165 122
54 1
90 31
30 80
137 197
83 4
103 184
155 56
192 188
55 148
189 65
16 49
190 66
166 136
58 15
23 122
151 95
199 102
14 161
65 33
5 62
132 84
46 139
199 132
42 2
111 57
56 131
38 12
177 199
34 67
82 15
5 130
119 51
8 42
33 127
166 87
63 124
110 148
102 105
47 198
17 139
75 178
51 127
187 118
149 102
26 25
156 147
81 70
47 16
187 129
8 159
150 170
71 97
181 166
128 192
100 45
196 130
42 105
1 65
163 80
47 135
7 141
127 165
52 25
143 31
171 106
156 40
168 103
92 151
3 40
100 139
64 175
152 32
29 45
95 166
3 106
68 197
189 197
85 144
137 39
50 195
164 69
68 31
4 71
10 100
97 108
21 74
7 126
24 69
3 62
21 127
60 153
11 182
152 47
199 111
29 18
186 145
157 155
140 2
46 72
42 50
17 114
74 31
1 169
194 121
31 168
20 200
79 170
139 183
191 190
127 113
152 74
101 38
53 145
79 199
12 90
46 59
48 119
43 175
187 131
107 66
85 183
120 160
29 30
86 109
155 116
83 32
99 128
79 51
65 11
157 138
112 26
92 74
74 91
117 103
9 50
115 63
123 173
187 198
54 142
133 44
81 52
115 118
64 162
159 171
49 152
168 155
37 2
155 171
37 169
96 187
44 78
80 8
30 84
197 43
72 62
106 121
28 70
38 19
55 87
192 35
9 98
191 25
89 184
53 154
114 70
130 51
21 81
130 128
112 4
14 187
39 5
147 78
95 84
98 69
146 192
174 178
105 189
177 74
158 163
107 192
38 162
6 122
198 28
29 8
51 144
126 73
91 125
151 182
151 98
34 43
145 89
174 77
55 153
153 161
15 149
9 33
73 182
48 148
68 160
93 142
113 168
177 38
140 17
165 187
149 187
119 30
66 105
120 163
165 158
163 126
32 182
175 4
152 73
63 36
148 97
153 173
87 127
197 50
125 88
95 159
65 97
64 15
143 119
159 97
138 58
19 65
56 20
3 76
137 65
173 116
17 167
21 80
5 30
107 153
97 70
178 95
69 198
174 48
112 137
184 116
139 161
72 44
146 39
16 112
27 44
32 95
38 30
196 13
36 190
184 7
27 109
34 72
141 109
14 77
64 19
49 107
184 2
55 66
106 113
173 112
73 197
23 16
6 4
17 161
191 56
25 64
122 123
125 81
99 7
112 176
70 165
176 76
92 77
46 139
187 92
102 191
105 109
4 157
51 134
108 35
187 129
68 154
79 92
188 134
48 105
132 98
83 163
148 164
199 119
111 154
195 158
73 147
127 116
27 38
75 54
36 126
150 76
7 128
179 181
17 53
36 148
44 154
138 10
57 59
189 126
134 40
92 12
190 84
28 111
81 77
7 31
138 119
187 6
86 43
166 56
64 105
66 179
80 153
94 29
104 136
79 50
148 111
81 98
92 187
92 133
192 109
126 155
139 20
78 158
41 49
189 162
59 67
155 156
163 172
63 148
145 185
163 85
156 27
130 188
147 10
140 138
60 85
180 148
159 93
137 63
173 131
45 193
100 19
194 131
110 68
10 189
120 32
43 117
156 34
24 139
101 39
161 157
76 74
132 48
163 107
193 133
86 199
85 67
129 160
197 14
169 120
7 162
55 36
69 142
40 162
120 72
172 107
192 115
141 130
113 50
196 86
200 62
189 108
70 35
140 79
11 22
144 192
113 101
5 56
56 67
61 108
62 167
50 14
99 78
179 97
112 175
189 65
147 24
18 164
74 159
166 64
12 31
117 180
144 111
112 13
156 144
68 162
72 19
69 3
133 7
173 84
18 26
158 55
57 37
114 112
140 187
141 198
129 156
150 121
91 156
36 160
122 36
84 190
14 8
60 150
8 51
100 189
84 115
24 189
67 116
78 72
14 44
80 97
3 165
153 97
16 140
94 167
53 192
103 88
72 91
3 191
187 168
37 198
139 44
58 34
60 172
37 79
62 46
193 153
150 98
174 194
90 29
111 46
102 114
157 98
154 68
31 29
18 156
18 94
1 133
42 76
42 108
118 187
175 97
186 113
114 79
115 94
2 43
103 186
178 188
131 41
131 93
114 67
158 152
142 184
21 39
134 187
71 199
103 140
41 80
184 187
187 75
157 51
153 26
122 158
96 140
40 22
123 80
142 10
171 167
169 41
40 103
67 177
116 52
115 162
40 129
113 17
73 187
102 65
25 198
154 151
92 8
156 94
131 12
113 137
22 191
107 26
97 123
119 75
70 176
124 177
27 53
199 174
48 41
33 92
177 142
87 142
111 74
185 84
10 75
188 84
134 178
189 141
69 122
133 147
159 28
35 196
32 180
37 179
96 85
171 181
5 157
33 43
83 159
61 105
182 145
67 168
152 88
192 176
122 14
55 106
41 131
147 44
37 89
169 131
5 9
43 37
158 58
95 124
46 145
42 178
167 65
198 63
144 169
112 95
167 21
182 85
14 63
17 122
51 70
197 4
72 189
194 172
13 107
177 1
117 60
41 29
180 112
107 9
16 34
81 116
115 88
87 135
130 129
23 55
140 22
113 13
63 7
134 72
64 192
35 53
10 31
65 111
32 67
154 56
90 113
91 139
116 195
91 179
43 155
159 167
160 128
32 23
24 70
138 187
74 102
154 24
183 18
5 30
25 37
167 158
24 134
55 141
142 121
183 176
174 148
144 180
166 13
7 22
188 14
4 132
38 53
54 100
118 154
53 87
134 141
61 22
46 134
90 165
131 29
37 26
9 153
149 7
103 164
12 146
163 196
42 185
58 162
42 2
35 80
119 117
84 153
74 63
17 181
109 125
89 66
187 132
33 127
30 103
183 100
104 192
56 58
153 38
52 137
25 28
147 161
81 91
14 44
166 95
51 34
53 56
102 104
188 51
66 172
113 128
74 77
122 183
32 71
156 111
192 157
57 28
170 195
2 190
181 120
165 166
14 173
124 130
16 184
8 147
20 70
161 69
171 196
41 129
150 172
156 163
198 98
102 151
4 71
190 138
72 98
190 125
37 81
45 93
128 61
108 42
3 52
81 103
114 191
190 181
151 14
144 199
65 1
76 181
100 34
159 56
127 166
97 40
155 8
179 82
157 110
144 39
12 60
19 155
187 182
157 96
12 46
50 178
104 24
29 172
87 30
36 70
140 24
169 150
164 134
183 89
33 169
27 163
190 46
87 163
187 46
173 169
3 164
195 117
131 193
53 92
93 158
150 51
8 75
138 2
118 65
112 97
66 135
193 138
81 41
74 49
120 123
37 163
150 120
29 66
97 108
181 59
18 142
23 167
37 181
127 89
171 127
38 57
9 192
48 92
3 165
4 99
45 21
188 43
104 95
88 129
183 58
138 136
137 166
17 111
86 120
70 151
25 13
99 140
150 64
9 43
162 187
195 117
121 149
147 65
3 150
114 22
78 55
23 46
57 14
193 136
161 57
142 22
193 41
70 150
86 83
31 48
43 25
116 171
139 157
128 184
59 125
184 83
59 67
196 68
5 189
49 78
169 27
14 73
183 147
150 161
60 2
42 128
82 21
94 84
45 57
76 163
144 6
10 166
51 134
109 88
127 31
167 114
10 57
170 70
111 128
106 84
31 75
189 142
81 20
35 193
135 191
117 127
183 105
57 92
73 82
101 115
76 189
31 169
154 141
29 169
127 115
34 41
15 117
2 18
64 18
107 124
49 79
86 116
173 51
32 44
175 77
107 112
99 134
72 104
168 94
124 7
85 73
195 36
129 106
37 42
143 51
112 75
2 33
25 36
71 90
107 55
136 147
73 196
63 69
93 176
15 137
137 90
80 22
88 97
4 60
177 147
194 122
25 56
198 78
100 22
185 87
86 156
86 181
15 149
53 92
31 98
72 85
86 190
34 59
30 120
109 157
65 96
3 178
115 97
152 1
141 34
183 53
73 34
94 146
16 73
107 75
36 122
199 159
36 81
107 124
193 87
48 16
118 41
61 3
19 170
175 7
75 129
140 33
197 156
122 4
55 188
97 179
60 76
69 110
131 1
171 135
79 27
96 118
158 148
167 78
126 5
175 140
32 109
112 104
97 45
195 181
37 32
134 165
49 183
48 191
29 182
193 85
77 55
2 55
200 58
37 99
147 188
169 23
88 30
163 91
127 158
5 192
13 80
140 89
177 92
160 183
96 160
190 43
199 93
103 14
142 11
27 66
49 139
7 99
15 112
2 64
162 122
52 165
94 38
164 54
154 144
97 157
47 168
109 167
23 36
133 53
91 106
170 178
47 142
138 68
168 83
52 193
163 80
152 109
81 169
67 72
146 79
9 14
197 151
144 119
2 64
68 33
89 49
180 19
186 63
135 30
23 137
80 67
110 67
131 12
139 96
63 158
61 153
11 14
194 122
62 103
30 157
177 79
97 193
195 130
172 149
124 13
78 168
100 68
127 16
157 70
37 145
58 192
51 89
141 84
71 50
177 51
137 126
5 41
108 59
173 39
117 39
114 159
142 116
164 79
46 162
45 26
72 1
104 153
173 184
174 147
45 100
85 63
82 23
142 117
125 162
136 133
4 187
88 104
26 163
35 147
57 74
70 48
184 91
191 50
29 92
53 124
195 3
114 161
9 90
86 88
161 8
135 106
17 121
118 94
95 75
183 84
166 94
25 168
86 59
162 169
71 63
22 186
110 171
156 161
63 39
170 15
11 89
50 72
103 43
1 70
138 114
162 62
26 112
146 150
99 132
54 183
81 120
57 171
126 168
170 171
47 92
12 189
192 148
79 125
185 85
131 169
105 4
166 73
17 100
159 24
109 10
188 150
10 67
50 60
70 145
106 134
36 114
27 64
124 94
13 93
161 109
81 145
190 200
172 28
71 37
177 162
187 149
167 39
145 74
26 44
191 168
200 169
88 82
70 5
28 152
9 129
165 5
173 191
168 135
180 186
158 21
74 149
43 154
79 70
139 105
24 30
102 158
150 140
96 31
101 35
172 70
40 80
68 174
163 32
15 134
48 76
12 151
76 146
84 139
40 37
90 27
14 132
178 120
55 97
19 47
32 84
111 33
142 109
173 91
42 4
184 89
92 185
34 114
166 120
45 75
196 18
110 47
102 151
190 108
55 28
154 197
116 165
71 61
198 79
68 137
185 177
118 90
24 117
44 132
65 62
127 62
36 107
139 196
88 73
124 21
153 84
84 116
68 60
27 110
112 57
63 49
178 169
115 174
10 124
192 112
121 135
1 174
121 31
6 132
116 140
127 1
52 112
93 15
24 194
111 148
153 37
41 21
43 140
153 120
117 31
69 187
66 198
179 138
110 125
38 110
136 177
112 137
133 1
145 117
12 169
125 147
59 117
79 146
119 187
143 15
28 141
85 126
13 11
114 181
94 22
103 112
75 35
5 142
124 35
53 24
102 75
65 167
136 29
200 55
87 154
93 82
29 142
171 170
160 83
52 179
20 78
20 38
134 121
200 195
6 44
80 127
91 120
152 58
21 172
5 194
151 196
111 172
133 151
77 15
54 128
190 143
169 199
116 51
32 184
149 187
145 193
164 136
195 188
135 112
27 95
93 192
47 177
169 167
134 124
54 5
10 57
146 135
190 69
86 154
151 138
27 147
138 14
164 70
24 174
60 46
24 88
108 54
186 104
48 143
46 9
137 31
109 98
161 196
30 90
107 56
167 110
157 23
48 43
65 75
29 37
135 101
69 195
134 199
28 124
95 70
75 94
152 58
50 63
87 12
22 51
61 156
195 4
78 5
144 95
43 175
188 130
58 188
75 98
188 155
60 15
162 48
14 6
154 129
16 141
57 55
107 42
87 116
22 64
179 18
39 100
187 164
115 94
5 107
94 81
103 165
46 81
156 66
173 94
33 75
51 27
114 136
81 2
158 34
63 65
135 82
6 91
157 124
101 119
167 184
63 59
146 36
75 82
82 134
44 85
25 158
49 6
125 166
156 161
33 120
22 116
144 99
54 91
54 144
26 8
90 192
174 31
158 24
192 26
8 158
153 63
146 82
196 54
74 3
129 173
95 194
129 136
138 34
20 148
62 72
64 158
157 186
33 9
112 157
104 119
138 122
52 12
11 78
182 183
32 36
140 103
57 77
129 89
3 86
181 62
134 43
17 193
22 3
170 3
130 111
111 31
58 131
72 56
1 134
157 108
119 143
126 42
19 179
164 101
105 74
137 51
162 66
178 50
176 59
187 175
60 25
148 60
93 192
9 52
186 134
116 100
186 1
83 148
119 146
148 83
187 87
59 43
6 9
27 139
118 95
21 185
196 63
184 66
30 69
61 13
18 150
78 13
18 30
43 86
77 29
96 31
1 6
22 131
7 101
188 35
106 122
173 88
108 16
193 97
199 163
132 180
106 192
124 167
31 105
69 91
9 23
154 123
72 113
90 149
97 152
167 44
12 63
109 129
181 88
173 51
179 64
51 36
32 193
31 111
21 51
177 36
50 133
31 118
19 162
39 102
171 152
90 188
14 11
146 85
55 172
159 55
119 87
22 144
23 195
66 20
133 77
23 27
52 12
27 168
5 99
88 200
136 123
99 2
32 38
143 23
156 59
120 28
101 24
89 82
57 5
130 87
75 130
121 82
111 125
99 101
34 67
34 43
22 177
41 151
93 152
66 86
138 112
43 173
166 128
63 108
68 117
166 131
12 69
196 149
5 81
54 12
15 138
131 127
81 98
127 137
73 27
57 42
141 196
168 185
186 191
88 90
67 10
128 78
163 78
188 153
182 13
36 69
183 160
28 70
66 17
18 189
169 159
123 193
77 57
155 171
121 61
154 102
115 104
166 153
23 167
57 117
150 112
133 83
127 58
127 87
176 139
102 31
199 96
105 29
133 69
162 104
113 32
191 131
166 114
44 85
191 75
115 170
194 124
148 61
50 155
187 59
14 84
188 26
194 151
55 70
101 186
164 174
29 134
111 21
143 56
177 174
122 20
84 157
179 186
126 93
28 34
59 94
84 20
133 155
121 118
155 88
156 104
106 199
1 93
127 4
165 35
45 47
143 140
161 81
2 79
181 88
38 107
101 81
3 79
162 109
34 63
115 148
195 29
75 154
113 25
2 187
146 78
174 62
194 102
16 53
151 125
94 120
114 120
157 132
32 51
198 13
17 41
44 15
148 162
181 125
28 75
198 146
131 55
59 29
75 133
139 54
103 49
185 21
105 85
190 7
183 160
110 199
92 176
25 176
47 74
117 169
59 82
184 76
195 199
88 145
171 75
81 12
169 106
86 31
181 73
107 172
86 4
62 25
76 45
147 64
94 108
159 16
60 108
158 122
46 50
32 79
133 3
45 187
1 128
41 178
190 68
106 3
125 69
133 144
62 80
85 169
168 159
105 178
35 3
74 45
126 79
147 191
5 70
137 36
67 9
25 143
182 141
181 159
130 151
58 35
96 166
111 27
27 188
57 145
164 79
181 159
166 138
60 15
129 51
130 140
14 8
74 161
44 87
50 4
66 108
35 107
93 166
78 130
44 93
153 6
175 147
128 132
129 53
86 169
180 141
67 76
43 166
44 50
184 25
184 96
121 198
58 31
127 94
145 47
156 169
166 6
156 93
93 35
179 68
18 105
177 166
177 189
180 50
100 146
133 27
89 7
138 125
190 74
174 29
121 1
56 148
109 118
133 43
166 194
45 30
194 85
2 39
119 150
79 46
197 56
164 129
19 187
97 1
89 197
5 157
113 26
57 61
12 49
94 121
157 78
104 140
158 125
89 129
37 51
133 99
121 92
143 34
178 73
90 88
128 14
67 187
131 196
168 50
60 48
87 124
168 145
28 116
53 148
125 166
152 53
186 164
21 148
56 182
49 98
31 184
42 50
108 150
93 164
55 108
23 186
179 66
122 43
100 108
143 58
142 96
61 54
152 17
98 199
27 127
13 6
38 113
23 170
55 69
112 89
182 56
90 40
72 92
101 112
37 65
132 32
87 62
102 138
16 21
101 46
17 80
34 115
179 169
162 79
25 71
32 133
137 200
35 145
118 3
56 57
198 174
181 74
16 71
178 64
40 162
45 183
196 103
33 142
109 171
53 197
40 176
128 24
107 5
194 12
167 170
91 43
56 32
159 176
63 134
86 113
135 43
103 118
96 6
23 9
43 25
178 161
41 80
35 138
115 44
73 91
52 137
119 47
128 82
92 40
45 57
43 103
84 95
48 110
110 30
192 78
68 42
129 66
145 12
38 131
128 116
197 97
153 149
139 107
10 88
19 91
13 109
175 32
117 44
167 200
19 24
47 114
81 195
134 124
169 190
162 12
119 87
2 145
10 98
88 34
105 169
180 177
117 167
44 32
107 22
119 143
12 189
169 67
75 88
29 183
186 111
89 43
152 127
177 175
4 93
49 67
45 79
11 7
118 64
89 200
68 14
51 144
91 171
98 110
178 99
47 42
57 70
73 17
11 142
80 163
40 169
38 36
136 153
171 106
152 33
172 159
73 137
164 35
123 156
168 141
19 185
57 141
61 67
161 125
18 132
79 133
2 86
161 137
7 147
174 5
134 167
14 135
156 40
79 150
79 146
175 149
47 77
84 33
27 101
74 22
23 117
136 8
165 105
119 22
30 36
13 64
200 101
193 47
200 13
189 187
37 149
179 167
128 156
180 1
44 160
3 6
168 165
52 194
36 11
10 104
198 143
44 4
195 120
80 150
159 146
157 187
57 185
127 57
146 157
43 130
186 129
36 107
52 4
22 165
185 86
115 120
183 127
86 26
84 68
10 87
73 148
11 168
161 182
126 169
67 20
19 128
45 92
145 60
85 165
99 200
40 84
67 170
31 5
173 78
194 133
82 69
28 104
61 63
52 134
181 155
12 133
146 121
78 36
167 54
76 7
69 132
1 9
97 176
108 126
106 82
176 149
161 61
7 116
151 45
56 91
19 40
74 95
119 73
137 178
45 157
197 91
66 125
13 69
4 52
161 71
150 24
30 134
20 46
97 147
107 89
64 128
78 51
103 129
192 148
155 178
155 83
191 50
15 162
34 55
70 119
160 39
132 65
29 42
73 104
29 127
169 58
154 112
65 45
89 96
82 121
120 143
6 168
153 200
162 143
145 85
43 87
200 51
148 158
172 58
78 143
104 105
53 52
97 43
89 110
12 127
35 94
145 178
47 182
184 61
144 95
33 93
40 186
199 50
170 59
55 163
146 125
4 16
180 130
107 70
12 99
83 73
142 193
98 166
56 93
72 12
180 55
166 191
140 16
78 86
2 188
139 67
3 37
33 124
92 108
20 75
100 68
176 133
50 86
101 126
66 144
186 143
54 196
195 114
89 41
8 178
33 107
139 126
117 67
104 51
185 49
53 54
53 8
4 159
156 31
92 171
179 91
112 73
65 91
40 114
125 11
129 182
184 147
185 85
5 110
152 29
146 33
82 90
107 157
166 142
133 13
101 83
106 34
128 169
185 140
31 173
185 19
192 159
54 115
161 185
173 188
9 92
157 103
91 81
19 171
105 190
129 116
6 158
81 77
56 47
50 174
123 77
133 114
8 184
162 60
176 182
159 172
86 24
84 30
14 139
50 154
8 139
110 7
190 180
54 166
157 120
117 164
137 129
39 124
95 97
157 170
130 40
150 26
26 184
99 157
181 105
76 106
67 168
182 131
145 76
157 192
128 43
99 106
63 19
103 2
46 169
98 131
182 186
32 7
146 3
86 186
5 146
95 198
116 27
78 77
190 125
127 58
153 21
21 104
53 196
193 5
72 31
149 27
109 89
180 149
136 29
130 77
174 128
181 99
133 68
73 162
135 16
12 41
104 159
125 159
145 133
103 24
10 76
145 56
134 66
127 196
145 125
68 3
64 103
80 61
143 170
19 75
75 9
196 69
200 191
144 160
13 145
108 7
85 182
2 160
11 155
5 22
15 118
11 197
171 40
87 57
112 21
117 97
83 115
58 25
186 86
158 18
103 148
79 62
104 170
164 24
96 165
145 49
118 171
177 76
196 161
146 48
74 80
79 109
32 146
127 116
84 129
7 8
191 103
178 28
163 44
116 176
144 111
172 160
128 22
162 86
159 82
77 148
25 106
187 28
52 107
45 26
157 144
140 96
151 69
117 172
134 135
156 115
56 173
136 13
36 140
88 16
168 191
75 61
66 192
61 189
1 110
80 190
72 52
199 99
137 82
46 165
106 68
11 132
157 160
27 80
177 145
119 197
77 136
194 111
131 198
11 130
15 109
125 62
181 114
159 197
117 80
126 43
46 132
199 180
93 1
174 126
76 5
146 20
54 37
153 151
132 54
46 190
71 33
130 145
21 200
23 134
184 164
41 188
159 15
128 31
175 176
107 12
156 24
4 145
83 32
94 191
81 103
156 153
200 109
177 26
115 76
139 19
124 100
194 181
145 78
70 89
200 15
166 149
27 59
186 21
38 173
142 33
103 59
16 147
49 68
128 159
123 13
65 54
31 197
16 188
177 159
40 145
64 50
63 170
114 88
172 127
137 109
124 66
36 166
156 50
24 128
40 177
83 157
198 95
175 177
164 24
103 29
138 12
8 118
61 89
127 119
75 190
123 124
76 100
165 25
182 134
183 53
164 74
5 132
42 103
180 186
40 156
194 161
54 90
172 56
173 41
50 69
153 85
136 154
5 40
113 152
192 2
76 120
166 172
123 64
20 22
110 60
192 182
52 160
72 128
31 122
151 179
73 68
191 76
158 129
13 15
138 108
38 180
169 21
165 156
37 108
158 70
49 79
115 97
28 125
182 123
150 125
140 57
121 110
185 102
180 141
128 177
192 95
193 29
153 28
21 57
131 95
5 193
151 76
186 166
9 91
114 154
104 69
95 39
165 71
76 51
13 195
160 159
14 23
47 63
179 115
136 85
18 142
54 83
87 40
125 52
46 148
58 191
123 154
40 55
48 173
193 152
68 178
199 74
170 197
86 21
60 149
198 96
183 46
35 109
197 158
38 199
17 194
187 77
92 152
199 143
102 62
147 37
54 73
81 175
119 155
157 72
132 59
147 7
111 123
5 56
113 14
52 92
132 165
130 132
67 138
159 80
167 71
99 5
29 160
168 108
32 75
118 149
50 141
154 79
156 173
6 115
115 197
183 13
51 144
64 11
57 34
175 74
44 146
35 122
45 74
66 182
9 113
72 4
13 1
25 129
137 164
99 56
183 95
115 79
23 26
32 15
116 114
37 98
126 66
3 56
184 141
32 165
136 66
188 156
108 92
155 50
84 51
31 171
131 92
153 146
71 126
81 101
162 42
126 85
22 165
88 137
38 132
197 166
144 56
141 96
121 190
167 128
123 54
140 8
144 101
125 5
171 43
15 120
125 11
61 94
45 69
162 69
129 28
63 129
26 115
75 70
127 171
163 48
95 101
99 126
27 32
40 191
84 82
2 164
60 189
77 27
138 189
33 57
87 110
137 170
164 67
104 71
103 6
28 74
41 194
199 162
84 137
164 64
156 71
19 96
41 60
175 188
69 171
56 139
112 151
106 25
195 23
52 16
166 56
130 71
163 120
190 52
154 107
17 118
70 115
3 26
56 131
26 193
4 104
88 139
142 183
189 137
107 113
181 196
190 44
71 180
56 50
36 11
105 189
199 36
170 121
124 198
56 145
