50 625
48 30
22 1
43 27
18 31
12 19
19 3
17 30
33 35
26 16
27 12
6 17
19 11
28 45
19 22
34 10
40 22
11 25
36 18
7 43
26 25
37 10
36 22
6 23
16 9
40 4
42 44
5 21
1 10
14 31
44 37
18 29
37 3
36 48
9 20
18 40
50 38
6 7
15 30
42 14
39 36
26 3
16 30
26 6
24 49
44 18
27 40
41 31
15 5
48 33
8 11
10 14
15 49
29 41
38 46
31 42
35 30
9 43
43 14
16 48
33 39
9 47
11 47
45 33
7 49
25 22
47 43
24 22
41 17
1 8
38 8
9 5
32 41
39 48
34 15
9 4
32 10
3 48
7 43
26 9
29 11
14 45
10 29
23 42
11 49
43 39
41 44
41 11
23 12
7 22
37 9
20 27
50 18
15 37
12 27
23 24
15 8
14 12
14 21
21 12
26 1
22 3
30 20
21 40
9 41
39 48
3 39
1 2
36 22
21 47
18 22
32 12
37 18
11 27
42 4
26 33
35 32
12 24
21 34
16 13
34 9
28 9
2 3
22 26
8 20
1 34
27 37
5 13
50 49
23 10
7 32
35 40
11 27
11 48
25 20
22 50
26 15
35 29
48 40
10 48
25 14
42 25
17 11
24 50
39 3
7 38
17 27
14 35
24 14
37 49
39 28
20 27
44 9
39 6
10 29
27 30
34 36
26 5
20 28
26 24
50 6
22 20
23 48
19 17
5 14
36 50
30 49
37 10
37 48
19 25
35 3
46 39
25 36
18 42
34 3
33 47
14 23
30 37
22 11
10 13
48 35
8 14
13 5
50 41
44 48
37 50
43 25
16 21
9 16
31 27
20 37
20 12
44 50
28 22
30 44
48 10
47 12
3 18
35 21
13 37
18 22
49 17
45 46
8 33
7 28
32 13
39 36
13 50
4 1
27 20
34 4
49 46
3 8
33 22
16 8
34 10
40 5
44 47
10 41
32 45
24 22
46 42
39 31
40 16
49 16
7 31
41 21
33 4
7 4
42 1
46 41
35 42
4 38
3 40
2 50
39 34
24 18
29 14
21 12
4 5
23 10
45 20
13 16
19 47
40 7
1 42
1 28
22 31
8 5
28 1
46 50
10 50
9 1
35 28
23 26
37 17
36 3
32 6
38 37
29 13
14 4
47 36
30 40
17 10
15 14
39 6
15 6
32 42
24 36
30 10
9 18
24 50
30 4
11 41
16 23
24 47
16 8
41 24
39 33
28 18
9 17
11 36
38 2
29 7
15 9
17 47
18 25
44 46
19 27
42 44
46 28
44 12
30 34
11 18
15 2
17 12
24 31
37 40
35 22
17 45
14 13
14 1
43 18
48 35
46 13
13 7
7 11
25 31
45 33
18 38
2 4
31 11
7 15
22 30
43 23
33 30
11 41
27 34
11 17
21 27
33 44
7 17
5 42
11 29
24 10
12 3
11 2
1 40
23 36
21 34
5 38
35 27
47 49
15 25
45 7
45 33
11 42
46 18
41 46
10 42
48 1
10 22
21 22
12 42
45 4
15 11
40 20
17 3
40 48
38 46
13 44
29 33
24 32
48 25
31 46
20 8
24 44
11 9
14 27
21 41
8 23
38 36
35 8
49 34
24 46
38 47
45 23
24 16
29 15
7 11
8 21
14 28
50 36
3 34
40 31
42 34
42 44
44 14
29 19
2 17
25 6
43 18
28 29
33 35
33 24
31 7
35 44
7 49
48 27
38 2
24 32
25 27
36 26
33 35
40 14
4 16
39 14
35 41
17 37
25 2
42 24
27 14
28 38
3 26
18 24
19 7
11 26
30 45
46 33
9 40
42 12
38 1
1 41
48 19
35 3
10 40
8 44
24 47
38 41
6 40
32 28
4 14
50 49
14 45
14 17
6 39
26 7
47 36
26 50
44 13
47 1
8 18
37 17
28 39
4 1
37 23
31 45
32 23
36 9
21 36
26 7
17 41
30 28
39 12
13 29
9 49
21 33
45 19
29 16
3 44
25 28
41 10
23 45
4 17
28 26
22 37
26 18
14 9
2 43
50 6
9 39
5 18
38 20
13 8
2 13
14 34
25 21
42 44
35 40
14 28
21 16
34 49
10 22
42 28
45 11
9 12
33 22
14 32
15 4
24 2
23 32
40 23
19 29
39 33
39 45
43 8
8 1
11 39
16 10
17 11
42 16
35 33
33 41
43 49
8 34
15 24
19 14
15 20
45 38
34 20
32 50
18 49
16 7
20 22
7 30
1 15
23 49
3 7
10 18
46 23
14 48
9 10
45 27
9 2
9 19
49 11
27 36
35 7
25 30
22 19
38 50
31 28
3 8
18 16
18 45
46 19
48 21
1 12
39 36
22 50
30 41
33 32
3 18
38 13
13 9
34 3
16 2
47 32
15 19
23 11
9 7
41 34
8 22
18 42
10 26
40 33
43 15
46 13
31 39
41 17
3 24
24 19
28 18
13 38
37 10
12 33
28 11
31 46
19 46
9 37
11 43
19 17
26 13
37 6
42 46
8 1
6 25
2 3
40 49
40 9
22 3
14 29
10 32
37 35
11 43
48 1
32 28
10 29
29 13
21 46
12 41
24 19
41 12
18 7
17 30
15 26
20 2
32 31
18 34
33 10
45 14
47 3
25 5
44 5
3 44
42 45
9 36
38 24
36 8
45 22
7 44
22 30
48 34
21 12
14 28
36 20
11 20
10 46
40 44
28 38
17 24
38 24
20 30
5 2
19 47
44 48
21 32
17 21
14 50
9 38
8 36
40 26
40 35
44 29
22 29
18 44
