100 1000
65 34
43 52
14 17
86 81
64 10
33 59
4 71
49 24
27 92
64 44
73 89
16 60
67 78
65 54
78 27
88 14
99 1
97 22
45 90
40 79
24 54
42 55
55 95
25 18
82 43
95 70
35 83
58 41
76 20
39 30
21 18
26 83
1 59
74 87
30 16
96 38
69 76
8 54
40 12
47 15
97 88
96 78
13 20
41 79
93 6
64 6
1 50
56 64
26 65
48 32
74 17
61 11
12 90
80 58
30 35
17 13
80 13
86 5
99 82
66 67
100 50
57 12
99 72
70 27
64 28
47 13
89 9
9 88
74 55
68 25
11 52
97 52
61 43
13 14
22 36
79 74
14 18
91 39
34 60
30 37
37 51
8 31
74 97
58 90
56 59
100 62
19 5
70 71
27 65
42 83
61 59
93 85
6 80
53 87
13 20
3 74
63 67
96 9
70 93
17 66
8 37
93 18
81 17
96 41
7 71
77 17
60 69
71 57
38 94
42 87
23 4
46 68
87 91
61 3
13 90
48 49
1 78
87 70
94 20
46 14
31 38
38 90
80 53
46 36
62 91
32 75
70 80
54 59
80 51
25 8
21 69
46 94
42 40
42 67
24 70
84 83
85 7
10 39
21 74
45 99
85 28
87 78
22 57
17 29
81 57
68 8
88 4
25 54
94 26
1 22
80 8
72 83
88 7
49 51
51 30
71 66
93 3
92 5
20 59
89 33
69 23
77 46
95 27
68 79
42 80
88 3
1 73
40 32
82 6
59 26
65 85
13 8
88 3
19 56
65 17
74 2
24 2
16 38
69 90
3 62
61 67
65 6
32 13
5 48
76 74
12 31
61 34
64 27
1 9
56 53
59 78
96 37
22 14
43 28
91 94
23 37
30 36
36 46
73 38
88 61
22 58
26 69
90 71
55 27
30 78
28 85
65 71
49 81
51 72
70 91
61 90
79 58
55 99
21 55
85 87
60 93
41 56
55 38
70 56
69 42
32 44
11 68
91 52
76 7
6 26
20 11
85 39
12 95
87 99
61 87
34 4
23 34
49 68
10 66
6 69
75 50
96 40
73 21
12 61
25 22
3 49
31 62
32 74
91 30
45 97
64 63
93 2
66 79
97 29
99 32
45 99
39 28
52 53
16 55
15 30
30 46
5 51
5 93
72 73
61 59
70 77
90 54
91 85
63 98
37 81
40 19
100 15
99 96
16 71
60 39
24 30
43 51
36 91
65 26
48 21
19 29
19 7
73 64
26 27
27 80
82 6
81 85
77 87
56 15
68 3
57 78
26 20
91 53
90 14
89 33
23 62
55 24
24 91
35 87
96 65
77 30
20 84
5 91
21 93
67 52
55 37
14 85
74 35
53 30
58 71
58 92
67 98
5 94
79 100
26 55
62 8
68 78
19 72
66 58
44 78
24 79
21 15
56 89
91 62
66 85
74 5
31 19
40 94
74 16
18 67
38 91
24 56
76 83
11 8
32 33
55 90
1 59
85 10
27 84
11 33
78 37
71 30
67 19
60 86
30 26
91 26
55 8
11 49
84 46
82 11
85 57
4 33
27 71
83 48
80 75
19 34
26 54
64 61
67 83
58 66
73 84
45 12
55 17
11 66
5 80
76 18
61 80
59 4
58 40
22 33
34 31
76 71
26 97
14 39
33 74
56 21
45 88
37 4
75 95
13 1
13 38
67 20
93 77
36 64
56 49
92 86
7 59
16 17
23 96
84 52
82 90
78 63
6 97
92 36
88 48
3 1
13 33
68 6
14 73
30 40
51 62
78 23
18 48
85 98
25 61
61 85
14 72
27 1
8 22
22 52
67 34
53 12
87 23
45 84
93 89
48 22
72 22
37 80
5 94
54 32
20 49
7 22
78 72
62 35
97 47
66 85
69 10
64 96
89 68
94 30
51 9
86 22
33 25
50 56
57 39
6 71
75 66
47 27
56 52
8 93
88 66
52 65
52 67
16 1
95 28
24 8
17 4
84 67
6 66
41 77
11 21
73 25
53 48
66 6
36 66
81 99
96 42
89 94
77 87
100 4
57 39
32 84
36 95
91 14
24 73
68 82
38 62
100 29
29 3
54 93
54 64
98 15
2 21
11 43
60 41
69 90
14 35
38 33
74 45
17 34
70 83
94 79
47 33
40 52
97 7
2 41
71 100
55 94
100 62
54 62
87 61
27 100
57 23
81 85
30 88
96 18
56 39
31 33
30 40
15 84
91 67
100 97
54 23
93 32
49 53
69 75
19 39
27 91
69 31
77 92
5 37
33 94
61 78
59 10
53 14
47 50
75 10
76 95
89 74
79 50
36 66
14 44
95 73
25 86
73 20
37 4
75 72
7 11
53 36
32 78
97 35
31 54
1 13
79 83
28 30
100 92
56 35
1 19
89 90
73 85
42 15
33 61
5 54
1 24
72 16
68 49
48 23
45 100
68 93
6 7
36 72
60 25
88 90
43 28
56 4
46 44
49 52
75 19
60 71
92 14
44 27
98 79
82 80
99 73
95 17
97 40
59 60
76 93
87 13
2 80
69 32
8 40
41 97
43 61
89 39
49 70
81 50
84 13
40 72
6 23
4 18
13 29
75 68
75 3
93 44
12 58
63 86
15 54
51 65
10 68
34 71
16 45
28 87
15 35
16 29
2 67
63 81
68 78
6 12
14 10
47 28
6 84
25 29
77 23
71 18
64 73
24 37
11 21
58 70
84 48
60 62
28 31
46 59
32 40
87 61
48 26
39 6
24 9
99 25
71 83
69 63
64 16
42 82
88 87
57 81
34 20
30 22
77 14
61 41
25 43
64 71
11 51
35 80
40 23
19 33
80 74
80 63
83 58
11 3
51 31
40 83
95 88
36 79
91 78
66 79
67 95
19 21
73 67
93 96
6 59
44 32
78 52
52 6
67 41
24 41
8 87
21 44
74 42
39 43
64 75
8 89
79 62
54 17
14 64
52 60
71 7
9 78
97 28
99 58
32 76
62 18
15 90
29 63
32 10
96 24
25 41
46 54
16 29
65 91
72 7
69 93
50 15
9 18
92 41
35 15
46 75
71 57
76 84
69 26
64 11
10 9
59 38
9 53
30 11
68 60
76 92
28 30
65 78
6 74
39 70
87 56
51 73
69 22
71 59
89 85
17 91
27 18
26 77
82 60
80 58
20 39
32 3
7 84
63 45
2 17
25 69
2 39
54 59
3 8
76 9
12 60
15 96
59 23
11 75
5 8
19 27
24 94
97 10
88 41
91 63
13 58
51 73
44 31
27 66
84 20
10 21
66 4
21 75
22 58
32 17
56 54
48 37
43 85
20 42
7 61
27 99
18 34
6 44
4 44
54 6
25 100
54 15
48 74
34 83
35 26
63 74
23 78
66 56
3 8
42 25
23 24
51 3
85 14
59 29
91 100
18 44
36 85
81 48
22 79
3 90
59 48
83 17
18 92
13 7
84 12
59 24
18 5
7 82
100 9
26 58
86 56
1 63
20 52
21 54
34 15
21 100
8 33
73 24
62 50
4 83
60 96
27 47
91 25
18 82
77 4
12 16
28 18
19 61
20 85
99 90
2 63
55 68
41 88
2 63
19 12
4 72
12 42
92 12
49 25
80 99
24 61
14 13
89 72
97 28
94 18
7 73
67 65
51 45
49 54
80 66
74 53
46 26
46 67
79 24
88 62
58 33
88 25
99 53
38 100
4 1
10 34
80 20
22 37
56 11
6 12
43 62
37 22
86 10
7 33
38 2
85 69
6 71
66 53
31 12
37 35
51 39
28 96
61 62
41 40
19 54
61 47
70 5
71 77
66 32
64 76
75 97
92 9
39 76
33 96
36 57
100 37
84 18
5 62
3 54
51 95
35 43
39 79
1 58
51 41
42 79
69 26
63 77
21 17
64 17
28 69
30 54
10 100
70 35
17 28
96 86
65 25
56 48
13 72
83 33
14 83
27 50
67 93
70 48
22 14
45 92
24 18
52 10
17 78
19 33
97 41
3 81
95 39
18 25
18 100
25 4
20 86
32 60
92 58
6 96
14 6
60 18
32 14
91 42
2 8
66 32
58 39
66 99
15 73
89 19
31 2
94 70
77 18
61 44
14 46
58 22
39 93
41 20
61 73
39 11
26 78
41 81
79 42
7 5
26 99
64 14
59 86
57 47
16 81
88 89
75 56
61 85
96 93
93 45
68 14
93 32
8 23
74 19
5 100
13 59
43 49
1 39
88 6
12 95
44 13
83 4
5 82
26 98
11 84
49 48
64 89
47 97
49 67
39 5
92 63
10 75
48 97
17 40
59 9
98 63
98 66
39 57
57 29
72 79
52 33
75 43
18 22
8 11
88 30
86 74
36 16
55 20
5 94
19 69
88 62
57 62
30 34
34 90
97 36
39 26
27 46
2 10
57 54
68 79
40 34
26 97
79 14
34 63
33 83
86 75
45 66
96 86
93 20
38 99
31 94
39 71
79 77
13 7
17 20
10 22
60 66
