50 600
46 26
23 43
7 18
31 16
15 20
35 12
23 18
7 20
41 8
31 30
40 6
49 39
2 44
49 42
49 30
4 27
10 36
33 12
4 12
41 9
2 27
31 8
21 45
37 29
47 8
11 45
11 8
41 26
15 8
13 30
41 5
32 42
41 1
37 1
22 45
17 30
31 9
34 38
21 14
31 42
37 19
40 18
34 6
22 26
23 27
47 30
33 30
21 44
31 5
47 25
2 20
22 1
11 29
46 19
17 20
13 5
22 14
11 19
24 36
31 1
23 30
10 20
33 6
50 43
22 28
4 42
49 8
40 30
17 28
34 5
22 42
50 36
46 25
40 29
22 39
33 5
48 29
32 39
7 42
41 14
41 16
31 18
48 27
2 3
23 20
4 39
17 12
46 18
37 42
22 9
32 20
46 6
50 16
4 20
22 38
23 5
4 19
32 14
10 12
4 1
34 8
32 29
17 14
32 19
35 18
49 12
13 27
48 19
24 14
49 25
41 45
2 26
23 29
2 38
47 28
21 28
49 19
37 45
34 14
22 27
23 26
22 6
21 42
49 38
48 42
17 6
47 19
13 20
37 20
23 6
50 39
47 16
48 45
50 18
47 9
23 38
11 26
50 9
48 26
35 27
11 44
11 20
37 28
37 12
32 36
32 1
13 16
47 1
21 26
24 18
49 26
34 42
46 39
32 44
40 42
24 8
13 9
21 18
46 1
10 9
21 29
22 43
17 27
32 9
4 6
21 38
33 36
37 6
40 1
32 38
40 3
11 25
10 8
47 3
48 8
48 28
50 6
49 36
33 39
7 3
33 44
34 12
22 29
24 6
35 19
33 19
48 44
31 28
21 25
33 1
21 6
24 30
37 38
35 9
15 3
31 14
10 14
11 18
22 20
49 28
10 25
7 43
24 38
15 16
15 29
49 18
46 30
32 18
37 36
15 27
7 26
37 39
2 29
35 39
15 26
41 42
31 12
24 16
40 25
48 43
17 29
7 39
7 38
34 29
7 45
35 44
34 36
40 5
11 3
34 26
46 38
31 36
13 12
46 5
13 8
7 29
31 3
47 45
47 42
17 36
17 5
13 45
15 43
49 9
23 28
46 43
15 25
10 45
11 38
2 16
17 43
33 25
41 38
40 28
40 27
46 29
40 19
35 5
35 14
10 27
17 45
7 14
40 26
21 9
17 18
46 16
50 12
4 25
7 6
31 45
41 36
2 25
41 39
47 38
15 9
11 36
23 25
17 44
33 29
13 28
37 14
15 36
11 9
11 30
4 3
24 28
33 8
10 6
10 19
13 43
40 38
33 43
17 9
46 42
2 1
13 26
23 19
4 44
35 8
2 39
34 25
32 28
33 3
48 18
32 5
37 5
15 5
47 27
50 44
37 25
34 45
24 1
48 36
34 20
15 6
2 43
4 16
40 44
21 8
31 19
48 20
37 27
31 20
41 27
40 39
21 19
40 43
49 16
40 16
48 12
21 43
33 9
7 44
23 44
13 38
37 43
11 27
22 36
35 30
2 8
34 3
47 29
35 29
24 39
17 16
41 43
31 26
7 27
7 16
46 20
7 8
22 18
34 1
21 30
37 44
22 8
10 16
32 45
49 3
50 5
11 14
48 38
15 18
47 43
50 27
22 19
4 29
49 6
50 29
13 1
11 12
23 12
32 26
23 9
47 44
24 45
21 1
2 9
23 14
23 16
50 19
24 27
2 42
10 1
41 12
10 28
48 9
35 1
33 14
46 44
31 43
24 43
47 18
13 6
10 30
4 36
13 14
48 25
40 9
34 19
2 6
21 39
40 12
2 14
15 14
4 5
35 43
13 19
10 29
15 28
48 6
33 18
37 16
49 14
10 18
40 20
46 9
49 5
21 27
50 20
15 30
33 26
2 12
4 43
21 20
2 45
7 19
35 3
41 3
21 5
46 27
7 25
23 42
41 44
48 5
21 16
24 29
50 38
4 30
7 9
32 25
31 39
4 18
37 3
13 3
2 19
49 27
33 20
10 39
2 5
24 12
22 3
15 1
33 27
50 14
13 44
48 30
17 3
50 26
40 14
47 12
48 1
15 38
34 18
48 14
34 43
37 30
31 25
31 6
34 44
35 20
2 28
23 39
33 45
11 16
35 38
37 8
49 44
46 45
47 14
41 20
47 20
15 12
10 3
41 28
46 3
11 6
34 16
4 38
32 6
32 12
23 45
49 43
10 44
50 28
21 36
41 29
37 18
10 38
15 39
13 36
35 26
17 25
13 18
24 3
46 12
4 9
17 19
47 6
7 5
23 3
11 1
41 30
17 38
33 42
15 19
17 1
21 12
10 42
24 9
49 29
17 42
50 8
24 44
11 43
40 45
24 26
50 1
41 18
23 1
50 3
33 28
7 36
22 5
13 42
13 25
11 5
22 30
23 8
31 38
47 26
47 39
34 9
4 8
33 16
41 19
35 25
15 44
13 39
35 42
46 14
24 42
11 42
49 1
34 39
49 45
32 43
31 27
46 36
10 5
17 8
4 45
4 28
22 44
24 20
17 39
50 42
48 3
35 45
35 28
2 30
35 36
40 36
31 29
32 30
10 26
22 16
48 39
24 25
41 6
15 45
37 26
7 28
32 16
46 8
34 27
11 28
2 36
4 26
7 12
34 28
22 25
50 25
47 36
24 5
32 3
35 16
50 30
7 30
32 8
