200 9900
39 12
39 19
2 12
100 48
148 31
29 72
170 23
49 75
86 126
4 136
79 83
182 157
97 143
121 54
121 84
79 71
173 154
106 153
161 115
26 134
66 200
13 89
76 36
172 110
59 196
26 21
104 177
187 8
121 146
111 34
187 110
166 57
13 128
193 31
169 159
189 71
165 43
131 128
93 41
124 35
195 71
195 41
79 200
56 54
3 122
131 19
82 140
127 144
18 25
51 101
11 167
182 23
160 133
130 109
160 20
77 134
185 78
172 174
182 192
9 57
116 112
56 200
97 34
189 84
169 112
100 128
32 57
79 65
129 24
96 186
52 146
97 36
70 83
129 133
129 14
7 72
184 12
127 143
120 36
135 128
184 69
42 71
11 99
51 25
127 99
116 139
66 197
189 143
22 37
93 177
18 139
179 24
100 94
11 72
145 163
39 54
184 83
170 34
52 36
169 48
97 31
105 23
135 15
114 37
100 168
86 23
180 14
184 151
86 196
173 46
86 34
90 43
135 41
194 94
1 91
180 54
95 101
116 78
88 41
145 123
102 167
142 47
66 57
116 163
160 62
149 123
127 128
18 40
58 168
103 8
88 19
160 140
49 24
2 159
39 181
32 25
80 198
137 151
18 23
42 14
194 168
49 33
93 146
131 174
132 143
148 151
66 65
169 109
129 128
193 43
82 84
148 73
29 159
155 128
56 163
11 123
52 128
184 146
170 126
95 177
70 186
1 110
130 27
149 181
114 159
131 24
132 87
93 35
53 158
79 87
64 147
56 8
52 72
172 12
169 196
150 50
67 167
39 117
137 48
189 75
13 61
3 197
53 151
170 163
88 60
67 125
178 34
124 158
149 20
66 118
51 78
137 94
172 10
22 15
130 157
182 84
114 5
161 69
172 188
3 144
59 20
173 65
180 89
131 109
160 40
120 50
32 5
176 107
9 54
18 61
100 152
59 174
22 57
170 156
44 10
183 200
1 65
106 31
102 75
29 128
2 37
70 133
169 23
76 158
67 87
121 57
13 69
138 71
7 158
80 20
67 84
53 35
155 75
18 91
88 134
96 30
129 30
185 43
104 117
16 159
13 136
182 122
95 69
22 152
108 163
1 197
102 140
131 50
3 57
195 158
90 25
170 30
170 21
59 136
176 177
127 65
39 48
173 181
80 21
165 144
38 123
105 167
67 192
93 190
93 126
155 134
26 113
178 188
129 123
59 75
58 188
165 63
131 190
100 196
169 60
162 73
150 134
90 8
81 5
142 72
76 46
114 92
56 10
1 14
26 140
98 65
131 30
189 54
2 68
108 65
127 94
64 126
135 6
172 197
161 143
7 43
52 174
67 156
11 6
127 10
52 177
184 40
105 73
49 63
131 110
42 92
51 181
160 46
166 60
148 21
179 123
44 30
164 36
114 181
183 55
124 36
59 158
183 151
169 156
184 89
17 143
29 84
182 109
121 35
124 19
121 174
86 8
162 128
2 78
56 122
142 54
88 15
59 139
67 174
17 122
189 167
150 15
185 154
135 171
11 28
132 168
16 186
106 25
145 24
141 87
98 163
70 20
166 35
149 136
81 31
29 157
169 117
150 69
116 113
165 20
98 134
77 5
79 136
44 48
155 115
98 62
70 117
162 154
195 12
172 84
85 40
26 168
18 177
170 133
80 174
137 192
124 140
66 152
95 15
66 75
22 147
124 72
22 94
103 186
76 190
166 192
127 31
164 167
100 91
90 21
119 126
184 68
16 31
85 25
142 14
77 25
162 69
164 123
74 153
11 115
195 24
178 154
103 5
86 91
172 125
183 147
13 200
130 123
93 174
11 34
150 171
184 41
173 75
22 186
44 21
170 63
11 163
74 177
124 136
95 174
9 28
93 61
189 94
130 34
135 197
86 113
149 84
82 158
102 12
64 197
70 136
173 6
42 101
86 198
93 158
103 92
172 25
29 55
142 31
13 147
108 72
183 33
82 5
2 133
52 62
127 20
138 61
130 190
141 157
3 99
70 144
129 168
38 122
127 147
77 83
160 126
137 125
44 158
3 25
160 117
108 167
178 186
18 68
114 14
2 50
13 43
86 118
16 171
104 5
13 123
95 57
183 122
170 190
182 65
129 107
103 128
95 144
1 140
104 196
137 72
137 65
131 163
22 153
77 87
184 163
164 10
32 43
76 133
81 101
161 37
59 125
164 12
148 60
194 31
88 113
74 112
16 197
114 113
74 197
4 62
120 186
111 72
199 27
38 125
178 94
74 78
42 128
52 5
142 24
142 125
170 198
129 198
160 153
119 72
160 198
77 40
79 68
106 113
53 190
164 177
93 23
66 158
82 54
104 94
132 47
96 27
148 89
155 158
172 33
90 23
3 177
93 112
86 159
90 152
179 152
189 144
98 37
85 156
13 6
141 154
52 188
74 35
42 89
127 50
105 35
121 200
108 107
137 126
142 177
116 153
106 55
170 84
77 128
74 28
180 113
155 10
160 47
97 181
79 112
141 128
137 128
96 61
66 139
155 61
17 48
58 115
137 21
162 28
82 153
119 5
85 45
116 115
130 91
7 186
44 43
199 143
90 87
1 34
108 36
90 140
189 174
189 33
52 35
193 15
9 196
26 152
131 69
38 94
11 31
132 123
145 128
172 27
162 43
170 43
4 37
189 73
18 57
121 37
70 73
124 65
64 177
105 43
13 75
121 109
16 188
90 171
179 188
3 75
95 117
52 19
169 123
141 60
93 83
17 54
116 156
161 200
106 168
132 78
185 122
114 62
74 156
130 113
98 30
183 6
42 181
195 109
187 198
97 144
183 125
124 54
185 92
194 122
193 27
180 133
149 87
74 171
175 48
49 115
135 63
86 188
176 5
51 41
103 87
176 94
175 125
120 115
7 200
195 156
51 83
132 109
195 61
29 27
17 188
141 200
150 87
127 46
135 75
108 84
199 158
9 69
129 78
148 68
76 40
108 198
95 126
111 25
74 40
76 125
39 5
178 126
96 55
95 154
90 36
127 25
38 200
97 200
148 94
108 27
90 12
161 112
88 167
131 152
149 71
38 133
66 33
127 197
185 89
102 168
179 55
176 54
56 89
142 75
7 89
135 126
166 156
175 143
3 73
66 62
162 110
52 8
93 84
142 181
173 101
184 123
66 190
187 117
32 71
179 159
90 83
131 153
129 57
179 83
104 144
137 71
165 6
178 27
130 168
4 92
103 139
81 147
56 94
155 107
138 171
16 20
179 71
164 192
4 34
93 152
11 152
106 35
53 159
127 28
187 157
11 10
100 50
86 6
155 171
2 188
160 72
102 20
160 45
142 55
175 75
142 20
173 153
135 115
120 177
105 19
38 140
172 65
138 109
187 69
137 117
170 101
77 6
164 78
170 191
132 153
175 40
104 34
111 28
59 35
114 30
119 154
58 140
135 12
183 123
3 198
38 6
183 188
59 55
49 25
183 168
164 41
148 71
120 6
165 126
182 34
187 122
77 140
18 71
53 31
184 55
162 8
138 15
39 110
172 69
120 10
59 154
169 92
49 78
44 47
129 186
42 136
150 122
116 20
29 156
98 24
194 144
90 190
32 174
58 89
185 113
199 54
86 21
160 109
189 133
88 192
164 113
42 171
132 156
70 122
80 60
103 134
165 152
176 15
138 14
170 125
53 200
95 84
189 163
130 15
3 34
130 54
13 48
142 23
150 126
4 47
172 191
120 27
138 158
148 43
82 101
97 33
172 45
182 6
98 139
173 72
106 154
70 140
56 35
96 60
130 36
39 101
26 78
161 62
67 21
150 186
38 144
70 89
53 63
88 75
194 128
145 186
97 40
165 55
103 159
79 47
100 191
9 154
131 72
165 136
155 154
161 10
108 123
100 115
67 41
178 171
59 40
85 91
160 151
29 123
29 107
129 41
111 157
150 21
59 133
193 133
32 146
193 68
79 196
104 134
189 153
187 27
164 118
183 34
52 75
119 139
141 126
66 60
22 10
64 5
80 167
104 167
165 191
38 159
116 45
38 72
121 157
67 159
93 171
44 134
88 89
13 31
193 48
56 41
160 50
120 65
141 134
16 47
58 30
175 87
44 57
162 60
185 12
173 27
53 46
95 33
150 57
193 25
79 153
132 65
67 177
104 156
70 147
130 60
58 14
175 198
11 30
169 36
131 123
180 43
51 57
165 40
120 197
130 50
116 123
105 6
53 34
95 27
39 91
194 84
148 27
166 171
86 12
2 19
155 101
170 20
3 152
13 25
93 92
124 75
26 174
4 55
150 174
106 91
90 133
130 78
100 30
29 89
103 83
81 200
142 191
96 191
131 126
142 89
129 75
13 167
161 43
175 46
77 168
59 107
103 151
1 144
150 200
183 152
1 167
173 159
114 136
169 54
97 10
85 55
95 73
18 146
95 25
106 69
51 12
150 72
141 192
1 157
164 34
195 188
77 118
199 139
66 45
175 151
199 181
86 151
176 154
42 47
80 134
88 181
108 152
39 197
49 91
93 75
9 75
130 43
142 113
85 117
114 55
70 6
4 134
182 89
160 163
189 186
38 151
13 34
173 69
131 78
76 92
44 55
120 151
175 24
132 200
141 47
183 14
138 31
97 190
103 46
172 31
82 190
26 167
86 33
22 87
103 171
189 34
175 23
108 133
52 152
80 5
176 158
13 37
80 128
76 143
121 107
130 87
86 109
116 62
104 57
95 91
2 43
42 134
145 91
135 54
184 143
194 73
194 8
173 144
11 69
106 190
173 33
80 94
148 87
124 28
4 117
169 134
32 75
2 92
66 156
160 41
116 34
22 75
11 37
88 78
74 92
155 168
1 163
182 112
16 192
82 68
160 186
32 157
193 158
80 12
96 37
161 107
64 122
98 158
175 41
185 112
170 109
86 31
49 152
58 19
77 34
108 24
82 83
137 153
1 47
102 113
51 20
164 163
142 188
145 65
111 69
39 65
138 174
132 167
172 186
80 10
185 14
160 35
178 19
39 171
132 113
149 152
86 37
100 33
161 198
49 40
95 159
194 48
189 43
170 72
178 107
80 83
127 136
182 14
2 113
9 122
77 143
172 47
29 33
105 186
29 78
116 50
155 30
1 122
121 123
105 157
166 72
155 174
120 61
193 94
9 167
148 167
9 115
179 57
39 21
119 152
29 62
3 136
170 50
93 15
149 109
176 133
119 140
42 27
7 139
164 28
141 19
17 15
149 41
106 196
44 73
88 50
58 34
170 153
58 37
70 43
180 41
183 158
1 115
67 99
52 113
39 191
195 140
59 117
32 153
170 115
79 186
22 167
95 12
111 78
39 28
142 159
183 146
32 68
67 73
104 68
53 154
70 46
173 19
85 14
70 92
88 168
82 171
96 87
64 15
18 43
98 107
74 101
135 153
97 87
102 68
64 91
17 128
149 36
179 140
142 133
26 69
81 110
42 94
96 20
16 46
166 126
162 192
98 36
58 40
124 25
51 117
80 65
199 36
180 27
166 125
138 200
179 5
17 144
108 153
166 109
4 60
53 23
7 50
17 75
189 188
67 8
56 196
79 117
64 163
106 143
169 12
124 171
148 57
105 191
38 35
104 163
178 68
2 33
135 5
164 136
106 36
67 168
121 147
9 181
165 83
53 47
80 91
132 60
184 43
193 47
173 73
90 110
178 140
138 50
4 48
166 41
79 73
22 154
184 23
22 112
67 144
42 8
175 181
90 158
29 133
120 60
7 133
76 167
108 191
26 55
51 110
93 192
32 23
104 192
81 15
189 177
169 24
137 112
80 6
82 110
187 5
16 37
86 152
1 55
13 30
199 55
56 46
59 12
162 168
129 61
49 50
32 84
49 122
178 57
161 60
116 158
170 61
180 36
2 168
111 89
180 158
172 192
127 157
104 46
179 25
67 110
49 14
100 40
132 40
164 73
53 5
32 156
169 143
180 84
22 69
194 25
141 68
189 89
121 128
141 69
199 43
162 21
95 99
183 78
142 118
160 84
95 71
16 83
105 177
49 125
98 197
95 28
116 152
2 55
59 24
106 177
119 6
185 25
3 163
102 181
178 35
180 200
185 21
51 167
4 68
175 55
52 133
132 31
161 72
1 123
42 25
53 71
137 163
81 68
18 20
116 192
44 87
11 43
38 25
86 24
9 61
135 136
80 113
127 151
137 115
137 31
138 69
16 35
4 61
88 154
124 156
98 171
56 48
155 123
185 37
38 48
155 191
95 60
59 87
172 54
64 140
52 197
18 15
178 37
120 14
155 110
9 87
137 136
137 168
124 167
2 115
97 60
180 34
129 63
9 186
170 40
77 159
82 115
56 157
16 153
3 146
180 109
17 50
44 50
160 200
77 188
132 133
161 157
11 113
77 24
53 28
81 63
160 12
100 23
18 134
85 23
90 6
111 113
121 78
81 54
53 113
49 190
53 87
58 5
129 146
135 139
32 167
108 122
53 25
116 5
1 50
119 136
169 168
4 84
187 123
104 40
155 163
95 139
85 24
170 196
81 89
108 99
79 115
13 139
32 198
85 87
29 146
170 89
90 123
9 19
77 139
49 158
178 192
66 91
179 151
111 153
166 117
162 126
29 10
162 113
129 154
195 153
88 136
42 140
183 25
88 28
173 113
132 125
1 107
105 139
26 62
1 62
194 112
189 92
179 27
175 110
155 112
199 91
172 196
137 118
51 55
26 147
170 33
44 71
103 174
100 54
4 125
97 57
185 109
193 69
17 23
39 40
95 134
81 117
100 34
106 12
7 6
185 54
161 30
138 140
129 34
180 146
42 154
26 43
184 31
53 171
116 197
195 35
169 115
95 125
175 72
105 181
100 174
182 197
132 198
29 197
52 200
149 144
29 126
49 197
4 87
77 147
173 186
137 143
194 60
1 154
150 118
161 78
108 73
18 168
22 192
98 20
7 156
11 12
81 123
142 123
193 57
58 117
105 28
70 94
7 190
183 99
4 159
142 12
182 126
51 62
58 65
11 83
51 68
111 156
131 140
9 72
183 177
178 198
7 147
169 62
131 143
108 146
132 174
131 92
88 57
51 188
184 25
81 14
100 101
161 168
132 45
96 33
32 36
2 122
185 126
85 60
183 110
127 115
175 186
77 110
104 54
182 21
141 23
86 65
183 136
105 87
180 123
3 72
111 134
95 83
119 186
100 6
13 171
95 31
82 112
120 157
76 43
114 35
58 63
193 40
17 117
193 196
105 61
18 27
120 118
149 168
32 35
58 62
11 190
26 92
90 186
64 72
135 118
105 12
183 60
179 191
148 198
86 84
13 92
70 177
138 123
76 168
77 113
114 123
95 140
81 73
162 109
42 54
178 101
164 69
67 20
185 50
4 33
172 43
185 128
13 99
108 75
39 198
127 62
49 89
173 57
59 192
79 23
150 24
120 92
104 71
130 63
22 6
76 41
124 34
2 163
7 60
106 197
97 163
58 54
103 72
70 24
114 191
160 158
184 19
149 190
124 153
172 36
59 36
52 12
80 30
80 46
85 36
88 6
114 25
155 146
56 75
79 177
53 115
175 163
121 188
42 48
74 192
124 15
172 63
81 61
105 41
199 99
155 21
194 75
131 133
172 87
29 25
104 140
104 28
141 57
44 112
88 174
3 6
32 123
42 167
82 198
39 133
82 156
169 139
194 24
137 158
175 54
74 136
162 134
49 69
26 144
97 188
120 89
44 197
9 110
100 62
161 25
187 159
179 94
194 71
76 196
180 144
56 158
17 134
81 107
105 153
42 196
178 159
79 109
155 118
106 126
148 54
175 63
166 133
130 46
179 101
138 168
182 24
103 144
85 136
187 186
42 43
44 117
88 10
187 48
9 191
182 113
199 140
161 27
85 89
173 12
148 41
95 122
165 34
135 144
137 191
173 21
121 33
7 33
193 41
172 163
162 139
103 12
44 177
17 157
39 23
169 37
11 73
104 37
98 153
18 31
59 89
4 115
97 146
199 126
135 45
18 147
42 19
129 50
127 154
95 35
129 54
175 134
195 72
79 43
108 41
116 46
1 45
145 144
148 125
96 101
164 37
184 197
194 154
129 15
160 87
138 147
173 188
59 91
79 118
150 46
170 181
7 62
119 92
175 61
195 75
183 191
104 84
124 190
82 167
32 191
172 68
82 123
193 34
182 63
179 54
96 50
145 75
95 191
155 72
124 12
114 115
182 19
142 62
42 5
77 19
38 14
129 92
189 19
106 78
173 125
187 46
127 123
127 6
124 5
149 10
29 28
124 40
51 47
155 54
88 125
90 115
183 83
51 196
4 139
172 117
182 25
130 92
131 167
51 125
90 147
80 152
42 60
18 143
59 115
199 107
132 43
193 154
80 50
93 156
199 65
116 33
18 63
16 19
116 186
67 115
74 48
80 40
4 153
79 89
59 31
52 153
106 57
175 20
173 191
137 33
98 55
106 147
51 61
184 91
22 20
51 151
166 62
166 15
175 168
121 61
127 110
4 30
173 45
170 8
138 192
145 152
160 192
184 35
96 78
26 23
155 55
49 55
90 89
127 36
131 94
38 177
155 153
38 107
93 133
116 28
194 87
164 50
58 159
81 118
64 30
13 191
193 24
13 115
131 186
148 109
18 62
26 101
76 99
58 69
82 10
102 123
97 154
179 89
169 181
22 33
145 20
160 10
145 71
88 198
172 101
180 177
32 6
111 73
95 46
79 72
2 6
166 190
56 43
105 196
116 19
114 69
155 19
59 190
162 30
130 140
52 168
130 197
180 122
98 133
52 101
132 151
39 57
38 190
180 6
121 65
26 192
26 5
7 15
56 107
11 186
38 197
193 156
176 123
49 73
53 122
129 122
127 30
145 8
1 37
96 143
86 117
4 45
59 191
142 92
26 8
44 147
59 14
104 55
138 60
98 21
3 87
86 14
187 60
161 156
119 54
3 115
66 123
170 75
77 68
32 200
104 83
116 65
149 139
104 109
2 198
85 84
145 68
82 12
170 159
182 107
199 41
121 134
161 133
184 30
169 5
49 37
67 36
90 40
138 198
9 50
42 188
141 156
66 35
173 126
149 47
2 28
161 83
66 8
120 139
66 133
90 99
172 28
178 152
178 118
2 71
53 78
173 25
124 125
56 31
17 84
166 177
119 55
79 159
172 21
102 73
58 50
98 101
162 101
149 197
102 84
85 92
114 61
51 112
108 62
13 15
160 23
9 41
121 41
38 168
59 45
53 156
26 117
70 157
7 25
44 68
66 12
3 12
155 122
38 115
116 36
105 30
3 151
189 6
82 117
169 191
9 128
179 36
103 192
189 154
195 122
141 34
3 109
145 31
79 92
79 55
166 123
102 153
195 133
130 68
106 20
98 31
102 41
53 20
105 154
187 128
199 20
150 12
185 63
132 12
145 27
175 60
81 156
95 146
124 197
105 62
199 92
176 125
111 122
166 24
11 19
96 197
97 133
9 152
150 10
119 112
162 72
74 61
51 174
38 157
44 19
80 140
137 20
59 143
164 151
172 136
88 8
26 33
39 62
114 196
64 50
124 14
96 84
9 163
53 62
97 177
90 159
29 198
90 33
173 163
166 48
4 146
90 92
17 34
58 136
64 89
79 188
195 174
9 48
179 168
193 75
195 117
120 84
85 181
26 19
131 21
155 27
183 36
141 73
56 118
116 48
103 152
82 72
195 55
199 5
111 186
127 191
79 36
97 136
32 24
18 46
187 28
90 113
39 174
164 91
142 136
176 30
189 61
39 72
195 197
22 168
141 167
137 133
184 153
150 157
116 122
90 46
13 40
160 181
103 40
74 126
145 191
184 171
53 10
56 83
173 63
135 154
79 151
51 198
105 91
95 40
86 27
1 94
129 140
64 181
82 196
130 117
70 69
29 24
3 24
13 19
148 171
81 40
59 28
199 83
22 72
64 24
183 68
96 45
44 54
119 101
49 30
52 14
32 21
193 167
155 196
148 140
150 55
49 163
85 20
11 62
145 25
187 6
150 25
66 41
131 48
129 48
22 196
180 47
130 35
95 123
102 72
52 41
29 65
187 24
90 153
7 118
195 33
103 110
79 63
39 92
135 60
58 28
184 128
11 75
129 35
175 197
39 47
70 75
194 69
119 10
116 107
135 163
175 158
29 30
141 45
2 128
166 23
193 72
51 63
11 14
18 50
103 35
180 128
80 125
132 30
141 8
90 61
96 43
3 15
96 36
77 61
119 163
18 73
175 45
16 113
165 15
119 123
183 15
9 92
145 63
166 115
137 167
51 43
130 167
179 41
52 24
170 45
38 21
77 73
26 15
166 154
56 19
103 34
164 31
162 190
130 118
29 143
155 6
85 126
175 65
142 144
194 177
179 19
66 28
104 99
172 126
111 198
165 101
108 136
81 84
138 23
130 151
176 181
161 54
17 159
90 168
119 158
187 84
4 147
97 197
194 156
59 48
150 30
184 45
17 101
86 140
9 188
170 128
74 47
135 71
2 140
49 168
100 188
148 34
199 46
2 61
106 5
193 115
13 5
138 20
4 35
103 10
32 94
29 168
76 117
49 188
127 41
187 89
130 110
76 140
29 63
67 24
97 43
74 143
184 10
39 89
74 147
90 151
131 28
108 118
106 191
44 6
131 27
116 128
22 117
98 156
16 27
170 188
187 139
182 87
145 157
185 181
169 14
162 27
74 45
1 46
108 196
9 118
56 147
17 5
42 113
97 107
17 24
105 24
111 197
90 177
18 198
170 41
194 140
170 10
189 30
176 109
105 48
59 68
53 123
199 128
127 152
105 123
138 99
176 153
180 69
166 33
199 110
124 27
187 147
29 153
74 99
74 196
131 101
187 177
111 46
70 112
76 139
97 63
162 48
67 60
199 125
103 91
130 159
18 92
74 163
59 61
142 190
184 133
29 60
53 33
141 91
160 73
85 128
161 163
131 112
105 92
161 68
182 40
44 101
166 34
4 143
67 30
93 134
59 101
7 87
111 23
135 159
79 35
131 5
98 91
52 25
18 191
138 144
49 192
189 65
4 133
137 5
114 91
95 192
141 21
182 37
13 174
88 92
108 158
111 41
182 75
22 43
184 174
121 63
64 73
76 198
66 171
7 37
120 146
59 134
170 147
130 112
164 23
81 25
59 152
179 45
178 83
17 167
166 197
67 181
116 125
102 57
16 71
32 143
193 61
1 35
179 192
38 113
141 46
11 128
160 177
142 37
4 190
176 156
132 140
111 99
64 94
195 78
183 21
29 186
160 43
150 20
164 43
106 19
88 35
114 45
164 20
132 181
93 47
32 91
85 37
95 24
106 110
76 54
127 45
148 30
1 171
86 47
88 146
102 110
70 101
121 153
142 50
95 10
121 122
2 40
194 143
132 84
111 167
187 12
1 19
82 99
135 34
102 154
164 62
29 163
187 36
18 197
183 157
173 15
74 54
11 48
160 143
114 83
132 99
105 33
108 57
183 134
184 196
141 41
44 154
114 28
79 128
98 168
121 31
121 87
3 191
178 14
80 48
161 12
70 87
85 62
155 139
127 78
172 112
160 5
1 177
149 117
88 63
98 177
90 91
193 191
79 154
90 118
1 153
53 55
77 146
4 91
162 117
155 48
105 31
74 133
183 54
183 87
77 200
103 146
56 168
53 126
82 33
120 171
1 143
42 159
169 61
187 190
85 174
97 41
59 113
170 15
79 94
104 60
138 84
130 115
193 50
114 118
105 133
138 25
39 43
120 63
85 43
184 107
16 156
105 156
180 174
98 112
180 156
76 181
17 40
7 143
95 167
44 78
106 109
80 34
18 28
9 101
70 153
114 33
1 152
9 146
66 125
74 174
18 133
162 25
39 177
180 5
150 54
98 188
53 61
129 31
193 181
2 8
199 34
145 107
108 109
180 171
86 43
13 109
38 139
77 20
93 14
9 99
172 152
49 6
66 83
53 191
9 45
108 174
179 6
193 109
96 47
199 197
180 126
127 35
135 143
184 15
74 55
137 144
76 153
70 191
150 83
90 71
183 24
42 57
120 128
32 41
76 134
67 198
4 94
103 41
85 147
76 186
66 113
172 154
164 158
169 46
96 34
124 45
131 71
93 154
76 8
106 94
193 35
175 78
165 143
81 12
95 6
187 23
16 34
22 109
2 31
44 37
130 171
179 177
88 12
96 8
129 65
74 71
96 140
38 8
169 110
16 118
189 27
199 122
79 113
131 157
70 27
165 54
82 71
173 112
13 190
4 192
175 147
100 15
180 30
74 139
199 84
108 115
130 6
16 151
81 144
185 115
182 69
184 24
182 181
162 33
138 112
162 50
98 84
175 107
120 99
184 65
39 109
138 117
93 118
22 61
183 171
80 154
53 152
182 30
80 37
97 94
77 171
170 177
17 190
121 181
39 156
108 25
17 57
53 24
138 186
165 41
85 21
53 133
189 28
103 196
38 126
104 48
7 36
16 181
116 55
42 163
160 15
51 200
9 47
194 63
175 35
155 37
162 68
38 5
66 122
179 23
182 151
102 61
26 99
53 65
76 57
199 71
96 6
149 57
166 14
44 190
129 68
150 60
58 45
66 168
165 47
98 115
189 123
3 43
148 99
145 122
58 125
88 36
119 122
2 174
161 55
148 117
96 62
176 134
180 92
137 110
116 171
90 62
3 47
80 73
119 110
114 188
22 200
199 23
13 71
42 87
150 113
42 133
11 36
102 99
178 158
124 191
162 157
172 61
13 140
185 57
132 15
180 168
96 110
169 122
93 143
81 158
18 192
137 61
49 83
138 167
64 190
38 65
16 133
182 94
17 152
131 139
170 174
90 197
114 197
9 200
86 136
9 21
182 50
17 192
179 171
44 31
114 139
67 190
114 24
173 198
161 92
26 112
88 33
104 63
169 40
172 62
95 143
81 34
79 8
193 19
178 73
164 5
162 94
142 109
100 163
67 23
108 45
131 158
148 24
173 168
76 65
180 15
67 109
106 6
100 43
176 19
165 50
132 34
82 78
81 78
85 123
3 133
178 123
162 41
53 72
178 125
90 57
116 73
77 198
166 191
9 197
116 75
49 147
108 125
2 57
162 89
88 61
148 47
18 84
13 126
13 186
32 20
76 33
39 83
129 158
80 23
150 6
58 118
120 20
150 139
169 87
132 21
116 30
172 89
42 112
129 191
56 151
135 65
52 163
4 188
108 50
185 123
4 20
58 48
18 152
104 158
184 158
56 25
169 99
105 136
102 151
97 55
127 73
32 47
49 144
184 8
105 20
194 196
120 48
185 34
59 118
161 117
79 190
79 198
3 40
161 61
26 158
3 71
165 21
176 6
170 37
162 87
176 110
185 33
64 8
142 126
79 125
145 181
97 19
13 23
119 12
199 28
70 21
79 75
185 94
67 28
74 34
149 99
66 63
32 63
77 45
7 84
176 71
93 8
106 89
32 122
162 55
82 157
119 197
169 198
150 177
108 37
98 190
58 23
199 72
130 139
131 75
2 45
185 190
131 10
106 63
53 163
53 69
49 99
176 144
79 28
114 99
195 126
66 20
131 6
108 6
141 159
189 112
100 36
135 50
173 41
176 40
106 45
166 21
96 192
93 181
53 181
195 57
195 113
170 65
81 10
32 30
124 55
44 188
189 15
102 8
17 12
132 75
97 125
102 78
77 153
161 5
56 112
11 45
142 68
194 10
173 83
148 188
53 43
149 167
74 84
18 181
100 190
170 154
148 46
100 21
93 196
82 159
38 154
165 89
179 153
135 134
120 71
120 156
66 68
121 159
199 146
164 157
38 61
66 198
4 174
138 110
150 41
116 92
180 112
80 47
80 163
102 91
96 92
145 92
169 144
3 128
102 55
189 50
42 109
52 144
32 46
90 5
183 63
56 37
183 154
142 65
114 87
98 41
135 113
131 196
81 37
11 147
97 158
170 144
56 143
44 157
51 177
199 134
104 10
127 133
42 6
58 167
3 112
164 68
173 157
76 112
3 8
131 54
176 91
189 40
176 60
1 126
193 174
74 152
182 125
124 122
149 27
114 50
170 55
114 157
142 198
172 190
67 75
108 159
165 146
103 14
141 36
161 8
88 171
137 152
1 112
80 192
179 128
166 99
81 8
145 192
138 94
70 72
129 112
64 46
193 147
59 46
149 118
26 109
138 113
137 57
9 15
85 19
70 200
166 118
170 27
88 14
185 196
82 35
52 139
165 147
22 158
29 41
2 14
164 168
67 10
194 19
148 177
127 181
172 139
29 158
178 177
58 36
7 8
124 134
32 62
77 43
127 168
170 118
195 191
137 62
166 65
93 125
142 154
7 117
77 190
149 126
183 41
106 146
9 112
121 89
13 10
132 25
53 41
103 125
138 6
165 69
66 6
88 122
96 15
93 200
178 61
103 153
103 113
49 154
166 200
187 14
49 153
121 25
93 6
131 118
67 154
3 157
195 157
26 125
102 191
119 30
77 33
85 12
121 46
66 34
82 122
49 177
161 73
141 174
53 188
169 8
70 123
116 168
124 20
173 84
26 31
120 143
26 73
138 5
52 156
150 159
106 43
97 21
70 54
77 197
132 46
173 123
22 89
132 118
194 152
95 62
56 72
130 33
29 45
64 33
74 168
135 188
9 174
17 156
76 60
66 84
58 154
162 35
22 40
39 136
149 73
88 107
137 198
164 35
82 36
173 152
148 40
189 47
127 87
175 133
175 196
111 84
172 140
183 28
155 43
127 55
17 71
102 118
166 30
67 188
138 35
108 91
3 126
120 47
149 191
67 133
3 200
49 198
18 8
18 115
111 133
124 117
17 171
97 123
119 47
129 87
180 68
49 156
96 133
26 151
195 28
7 73
150 115
9 125
166 8
161 45
178 46
194 186
7 21
70 50
138 24
79 25
82 87
58 152
166 46
165 192
116 37
95 197
102 60
44 45
179 84
116 143
86 128
98 122
175 92
189 45
194 151
100 133
77 186
131 198
32 159
56 33
184 62
74 181
44 113
184 192
29 122
166 140
2 41
104 20
52 45
9 20
77 57
59 123
172 153
77 48
199 10
160 110
106 8
137 123
108 143
141 158
100 68
176 36
165 163
120 12
132 28
141 110
150 197
96 157
108 92
195 171
11 35
81 171
155 69
51 152
67 196
44 115
93 65
103 133
38 163
32 117
166 19
90 136
100 10
130 163
194 197
116 40
18 190
104 133
180 186
51 37
22 122
129 33
22 126
104 45
7 47
187 192
172 118
13 168
104 168
77 115
105 151
180 188
103 126
124 196
59 50
18 167
39 45
66 37
59 84
97 156
51 5
185 163
175 34
76 101
98 117
39 125
97 92
141 112
187 50
130 196
103 73
145 43
111 31
4 107
96 181
161 84
49 46
137 157
4 112
38 158
90 157
95 61
51 60
148 190
183 118
194 109
194 123
138 34
148 156
183 71
111 190
102 30
135 125
80 117
178 196
127 48
1 99
52 196
130 126
148 144
175 157
189 20
199 163
165 99
102 21
100 45
7 198
169 45
169 78
44 151
86 73
79 156
161 139
178 128
175 28
132 24
11 158
42 153
67 40
100 28
52 84
199 15
82 92
183 19
93 157
13 35
93 168
22 134
180 151
184 126
142 57
56 69
13 198
4 21
4 65
4 15
1 151
52 118
187 133
11 71
64 200
166 167
137 27
182 190
39 31
51 34
76 122
53 117
162 45
149 54
82 163
1 125
16 14
142 10
175 123
127 118
96 146
102 139
155 73
106 192
169 15
155 109
39 63
121 50
58 147
42 152
32 115
166 12
32 181
18 163
145 34
106 156
155 87
103 181
42 146
16 128
149 158
49 136
173 174
138 37
185 186
127 188
166 37
38 118
179 91
176 115
97 196
49 101
179 147
2 47
81 186
160 25
74 37
145 12
16 94
29 36
74 134
59 73
100 112
70 109
3 174
80 87
66 94
121 158
67 157
182 83
74 94
116 31
98 192
85 8
149 153
53 174
173 40
178 197
149 55
162 143
2 144
70 60
193 118
172 14
9 190
130 192
77 60
80 139
187 57
96 25
70 61
108 5
193 151
97 24
82 191
132 71
170 5
17 200
11 46
178 47
135 48
127 107
76 113
70 63
49 36
80 75
16 8
187 75
129 196
142 158
7 40
96 28
59 63
66 55
67 151
80 68
106 163
11 89
90 28
11 21
86 134
81 47
106 112
79 168
88 24
102 34
4 23
161 87
100 84
51 146
175 6
70 48
145 83
180 71
98 47
105 190
179 43
13 65
42 177
114 171
145 99
102 156
166 151
11 60
2 25
81 57
142 163
161 65
148 139
183 69
97 192
26 40
141 78
93 34
165 157
13 122
111 60
22 157
137 89
56 23
2 167
105 83
100 63
175 8
76 14
173 136
86 101
148 152
86 181
9 109
141 139
124 47
66 163
79 45
16 99
42 33
85 152
104 91
160 19
56 24
105 200
86 174
111 115
193 8
173 62
120 144
148 35
172 37
137 196
165 92
90 78
86 71
39 55
114 134
29 112
90 107
173 78
3 78
53 99
13 125
39 78
124 168
179 174
164 125
150 110
51 21
59 122
80 190
29 14
166 158
193 140
2 89
124 71
129 84
80 151
176 146
66 23
56 28
74 30
39 24
179 196
66 89
169 113
79 167
183 23
116 57
93 188
119 153
86 35
39 163
49 107
17 69
178 33
100 25
166 5
164 8
149 15
49 92
162 40
76 19
135 123
121 8
179 146
172 151
103 78
17 168
81 99
59 168
22 78
199 94
182 167
111 123
64 125
93 122
142 117
38 27
77 109
102 5
96 57
64 146
53 186
187 43
121 197
86 139
88 191
16 122
187 163
82 113
116 198
131 41
100 167
148 126
2 154
187 143
194 72
9 147
1 200
138 159
120 196
180 10
18 107
70 40
2 146
138 107
22 62
58 128
127 14
58 122
17 30
111 12
16 45
175 83
7 20
121 101
67 19
184 36
81 174
53 21
80 159
100 113
137 174
49 151
116 167
166 10
39 46
81 46
164 139
66 101
74 25
148 10
58 107
67 126
120 40
98 99
180 139
1 117
178 6
185 192
56 91
185 188
88 153
66 167
130 107
80 191
53 19
129 20
74 122
39 196
180 110
119 41
88 159
18 126
13 146
16 200
3 143
165 60
160 92
82 134
121 55
52 91
13 107
80 196
172 134
88 45
16 117
135 89
162 91
1 41
70 91
13 63
82 146
100 57
51 147
49 143
42 157
77 158
64 198
11 122
103 24
141 35
182 46
74 115
180 24
178 113
86 191
173 87
170 136
195 5
121 115
64 63
3 19
90 30
175 167
86 41
96 159
108 83
132 83
131 55
172 20
178 117
199 12
70 197
106 68
114 110
81 136
64 128
2 36
184 72
165 167
172 113
88 109
182 134
104 122
155 5
114 84
95 75
1 188
135 55
53 168
138 55
52 69
4 167
189 24
121 190
116 84
166 128
108 190
95 78
22 71
114 36
98 143
4 40
138 134
195 151
7 65
7 134
108 69
189 147
183 107
119 68
22 181
77 91
2 126
81 30
180 198
149 60
66 154
66 87
38 147
155 125
51 27
172 159
199 174
175 112
124 154
111 94
80 36
189 192
111 48
44 20
105 34
138 33
18 125
11 181
39 140
42 34
189 136
2 136
162 167
138 45
102 89
79 15
142 147
132 8
185 146
98 140
130 200
3 41
161 28
85 139
102 83
120 190
26 91
59 188
199 47
44 27
187 191
155 68
3 45
81 92
116 35
142 115
93 197
26 34
9 30
129 192
179 61
149 37
4 46
13 118
148 14
183 192
130 30
17 174
195 65
13 143
150 14
114 10
131 107
100 151
121 118
172 144
9 159
127 68
11 156
130 133
199 25
93 153
119 25
199 14
13 24
141 125
56 61
2 5
155 36
93 115
51 75
102 146
129 6
106 133
39 36
102 50
194 62
108 156
155 133
16 15
17 36
184 20
121 154
88 54
51 143
185 5
179 198
82 19
81 24
121 36
145 200
182 153
85 110
194 35
141 117
58 55
129 37
79 31
132 110
120 153
131 122
29 99
169 125
165 171
81 19
96 19
180 83
96 200
16 154
173 43
32 48
194 191
176 78
183 163
3 68
80 55
74 123
44 163
103 163
76 191
162 133
124 60
132 126
29 50
93 163
119 28
44 110
193 122
103 27
185 158
100 47
88 133
172 41
150 89
160 122
82 30
149 34
22 143
176 200
165 177
148 78
88 156
90 200
185 191
74 128
81 6
175 191
79 48
59 163
176 24
77 123
148 19
149 159
141 63
49 123
85 143
185 71
7 75
96 152
129 188
129 27
9 14
176 192
103 43
18 78
98 35
165 198
135 94
95 107
74 10
4 157
135 133
173 147
173 117
104 69
199 50
155 31
103 140
148 112
172 181
169 188
193 84
172 73
42 118
193 65
29 54
185 125
52 28
131 151
199 89
85 46
135 181
59 94
165 128
189 113
178 8
29 110
150 143
44 143
114 60
53 134
119 24
130 152
93 37
66 40
11 143
129 23
155 14
164 46
187 144
77 62
52 112
85 6
194 89
145 72
132 158
85 133
114 23
52 57
184 188
49 133
121 48
90 19
184 112
111 21
132 190
70 143
185 31
138 40
44 167
166 78
161 118
149 24
120 110
162 78
98 63
173 156
178 60
11 65
58 15
22 50
121 143
17 181
93 123
104 73
141 153
127 75
111 37
179 87
49 174
86 48
138 68
145 110
97 113
100 157
16 48
2 21
29 68
199 57
132 36
103 167
130 198
90 69
86 171
76 107
56 191
44 46
114 156
80 153
3 159
172 147
194 6
95 68
97 147
42 65
13 181
103 68
164 146
26 197
102 171
141 186
80 84
172 115
145 196
121 151
183 37
161 152
88 190
184 14
7 112
195 190
172 78
29 177
178 139
100 117
104 61
4 6
58 153
169 174
103 37
199 200
176 47
149 89
17 78
120 21
64 37
169 28
81 125
17 118
67 113
52 65
64 35
127 27
66 186
96 72
32 54
74 50
1 192
38 87
76 174
29 152
93 136
42 37
169 133
185 171
182 191
42 61
102 158
189 68
4 28
150 168
67 27
183 35
155 94
175 71
4 72
189 115
178 89
97 89
96 167
58 163
97 50
7 23
3 30
124 139
67 136
138 157
22 65
178 21
119 107
29 19
3 84
2 190
38 71
93 113
56 115
184 122
131 31
42 115
2 112
187 34
121 69
79 6
195 25
149 23
39 192
165 158
51 91
9 62
124 188
82 139
103 21
106 158
70 181
77 37
184 139
172 99
145 94
1 87
4 24
4 78
104 101
165 151
95 128
135 21
132 73
178 23
102 190
130 23
142 60
129 156
97 8
141 50
13 50
189 107
26 186
29 21
7 99
165 24
176 101
182 45
86 78
148 133
173 68
9 153
9 136
98 33
82 125
53 57
129 167
105 152
81 115
129 55
77 99
1 84
179 139
56 60
160 28
32 196
38 153
82 133
32 45
58 73
1 25
108 134
150 23
38 191
148 196
120 122
53 144
150 146
29 75
59 167
103 118
137 83
155 200
103 190
165 23
173 31
132 94
42 117
104 107
38 181
86 168
106 61
137 15
70 15
145 167
67 25
81 181
129 115
96 136
7 177
2 35
81 43
51 171
132 136
162 136
162 163
155 186
180 157
2 23
119 192
67 50
74 43
184 191
176 186
138 133
150 92
145 89
58 92
13 72
102 33
4 177
162 19
93 186
180 94
44 123
26 157
79 191
81 45
165 117
169 157
129 47
7 71
141 33
141 143
2 125
165 8
95 94
184 134
195 177
166 174
164 94
175 122
116 144
26 72
119 167
96 144
137 134
172 198
76 25
162 65
189 122
160 91
79 144
106 118
80 110
184 110
81 188
59 110
96 23
42 123
82 136
67 186
138 91
172 24
90 191
180 40
44 60
145 54
39 158
119 91
16 89
74 140
187 47
108 157
79 152
162 36
169 167
95 188
97 47
7 46
93 43
86 192
11 78
165 10
178 191
100 61
164 71
114 12
160 6
80 72
160 31
18 109
130 125
17 140
26 171
130 191
160 190
38 83
124 91
164 147
129 71
165 33
100 200
26 159
42 156
16 152
4 99
86 94
76 55
175 117
120 45
95 50
100 92
86 60
17 154
176 167
193 125
103 168
98 28
141 62
85 115
119 200
119 134
88 55
189 197
105 99
97 20
32 28
29 37
13 21
183 128
135 14
98 50
86 156
121 15
148 159
13 196
98 125
100 126
175 144
164 47
64 62
70 55
150 163
32 101
17 14
93 5
86 157
85 78
100 65
67 43
137 35
76 68
95 43
155 41
32 190
142 143
138 126
44 171
149 143
39 94
175 190
13 46
66 151
185 133
93 28
80 71
93 117
85 191
164 107
93 20
187 62
7 55
104 25
178 157
187 78
2 69
131 125
81 140
189 36
182 152
11 196
58 24
145 156
29 73
77 94
155 117
193 177
135 73
150 71
179 118
160 61
195 63
9 60
116 177
166 28
13 192
1 128
127 126
56 139
111 188
18 154
120 163
90 41
165 19
111 61
120 34
86 186
79 84
104 47
166 101
179 99
131 188
98 128
131 171
39 107
180 87
193 62
51 19
85 54
165 36
96 94
59 200
127 190
183 143
119 84
18 60
130 61
1 196
108 78
104 136
98 198
95 196
96 153
52 87
170 123
121 92
7 181
90 174
4 43
51 133
66 30
199 115
106 101
53 153
80 181
4 71
176 87
79 62
148 69
79 57
102 10
29 47
13 152
193 134
7 61
193 21
44 34
105 174
90 73
9 144
76 128
82 6
149 163
103 198
149 196
53 91
141 30
178 28
164 48
52 99
103 123
180 147
111 110
38 10
81 152
97 65
129 134
59 157
38 143
141 152
95 118
194 171
195 136
51 134
176 89
9 134
175 73
2 46
178 75
90 167
17 112
70 139
187 83
42 192
59 69
67 163
165 87
39 153
103 177
105 101
96 48
108 61
56 153
141 177
160 152
164 144
119 99
116 21
108 147
103 101
114 34
95 158
199 6
66 48
124 68
79 78
76 94
29 15
11 87
53 27
76 151
145 174
98 71
114 112
70 33
199 186
102 134
59 65
38 110
98 181
165 125
18 157
86 153
17 123
173 71
130 158
3 61
114 20
93 45
164 61
185 45
17 198
9 139
17 109
194 28
149 21
102 188
193 110
119 14
179 46
16 136
88 94
165 48
111 47
150 181
148 134
1 15
193 123
108 40
161 144
120 31
7 10
189 118
129 125
106 144
49 186
3 117
53 101
7 157
187 35
195 40
97 174
64 83
56 20
104 36
199 78
160 154
145 61
79 5
51 140
180 181
49 62
39 87
114 126
67 35
114 163
187 72
106 92
120 69
44 94
199 151
96 117
18 33
3 118
175 156
180 62
18 188
64 20
96 31
105 71
116 27
59 33
132 27
145 190
38 99
199 188
1 12
58 31
32 197
166 69
52 73
1 92
70 171
52 171
127 177
179 65
179 110
183 65
178 168
16 158
183 45
32 140
121 196
79 19
104 126
88 186
180 60
164 171
194 78
132 157
3 31
183 174
64 12
32 125
142 151
85 5
39 144
137 12
148 63
18 200
38 75
98 40
98 167
9 143
138 30
149 171
9 171
120 191
74 73
44 28
129 139
105 89
77 181
82 60
13 144
184 200
148 147
189 48
7 174
184 101
141 54
2 158
189 87
58 174
199 87
166 87
52 122
42 68
38 167
172 92
119 62
164 72
129 21
42 190
70 192
116 25
187 31
166 47
66 54
183 48
64 154
169 65
7 101
150 153
66 181
187 30
93 46
103 30
97 140
169 177
81 192
132 35
164 186
4 57
4 198
102 28
184 92
160 191
119 15
96 40
114 78
64 78
90 125
70 65
106 159
132 177
121 113
100 71
29 31
7 28
194 101
58 20
141 144
148 72
32 126
172 48
86 46
165 139
86 50
74 62
100 153
80 57
199 159
76 84
124 115
32 171
2 73
162 112
18 136
4 8
103 47
176 126
129 190
199 168
4 54
104 139
170 48
121 191
2 65
160 27
56 21
145 19
97 110
165 46
11 5
77 50
90 143
108 139
124 101
51 191
85 198
59 57
121 23
56 55
59 109
102 92
149 174
173 151
124 181
79 146
150 5
129 99
90 188
93 91
170 14
3 196
42 73
11 40
58 25
185 156
150 112
182 159
116 94
155 157
165 110
185 46
80 143
185 30
64 156
166 168
184 47
169 89
103 65
51 113
187 87
17 6
104 19
95 5
173 139
16 146
1 168
77 117
97 109
64 55
106 167
17 146
165 113
137 197
184 115
176 50
56 128
9 24
199 62
52 109
173 200
195 101
105 37
172 50
82 27
16 63
193 91
114 200
175 15
161 31
81 35
148 8
176 136
38 196
32 87
132 68
142 43
169 192
194 30
172 40
148 115
145 28
51 40
77 69
64 159
179 197
102 163
116 159
104 24
195 68
32 134
96 118
104 43
88 101
51 45
76 75
187 37
2 151
59 83
56 15
103 54
185 177
179 115
162 191
155 45
29 134
59 128
80 158
166 6
97 27
120 168
22 25
58 139
145 46
162 20
185 75
51 8
22 28
135 87
145 55
176 69
179 62
161 23
164 54
108 71
193 192
149 12
148 28
166 181
39 126
141 20
111 50
38 62
4 109
79 14
42 191
97 122
77 75
4 128
108 177
119 73
145 57
155 71
149 128
18 83
105 122
49 126
184 57
165 71
2 147
90 50
1 27
141 75
111 36
187 196
178 50
104 35
187 107
1 33
58 61
81 177
86 19
17 110
162 181
104 78
77 163
170 24
17 45
162 156
124 200
182 55
169 200
32 152
194 54
82 152
189 152
183 91
102 197
176 191
182 115
104 143
176 139
176 63
95 136
80 31
165 35
184 181
59 181
98 186
7 123
3 139
67 118
13 68
58 47
193 73
111 200
135 91
102 152
155 25
194 200
130 10
3 35
103 62
103 63
11 50
105 112
26 110
130 45
141 71
38 37
175 154
121 117
96 158
70 62
116 136
121 72
26 153
32 37
145 109
132 171
164 65
182 198
132 134
58 83
170 62
42 158
86 167
38 19
13 163
42 10
130 177
16 25
17 21
145 6
180 65
76 37
176 198
18 128
49 84
13 62
173 133
80 156
105 147
150 123
105 192
93 36
98 6
164 57
17 28
88 43
29 101
111 43
161 154
175 99
18 5
155 181
141 92
162 46
56 177
150 63
90 54
130 21
103 31
187 25
175 89
51 33
16 147
193 107
162 144
127 34
131 12
116 118
149 40
138 152
182 133
7 140
124 174
13 91
102 65
82 192
169 21
98 68
1 146
106 23
160 71
124 110
193 71
161 47
106 34
103 75
103 136
49 157
164 84
142 87
39 157
82 144
120 159
29 147
59 147
106 24
199 157
90 163
166 55
194 57
199 73
129 91
13 151
127 71
51 158
178 109
93 48
16 112
11 25
180 63
3 62
106 60
56 159
52 186
135 92
26 181
29 191
86 25
49 159
9 46
170 186
121 144
18 36
80 146
104 72
81 112
130 8
86 15
90 15
64 69
98 94
3 14
124 112
95 37
169 190
29 92
131 197
82 55
165 14
161 191
161 153
90 144
173 122
193 45
130 181
199 45
90 37
111 62
179 28
120 192
114 192
98 109
135 110
9 177
169 55
141 15
3 50
119 94
105 107
194 50
74 154
38 60
70 159
97 14
199 101
93 31
38 36
178 134
189 12
184 61
80 112
166 143
59 177
52 46
184 156
86 10
64 192
114 158
64 188
90 34
130 12
58 134
42 99
67 153
114 151
29 48
135 196
164 45
179 68
1 118
18 118
58 196
97 186
11 144
77 36
16 101
132 69
104 112
77 21
38 24
88 126
9 37
105 84
170 134
138 8
98 151
131 33
16 33
179 72
52 63
74 144
103 33
187 41
79 33
135 31
145 171
194 65
16 60
106 157
141 197
162 84
141 14
80 109
70 110
51 87
130 69
42 46
145 125
11 136
138 190
135 33
82 47
70 12
129 12
85 50
81 33
185 143
130 153
52 33
187 134
142 156
184 21
22 63
108 151
148 186
7 35
26 156
3 153
59 25
97 128
148 118
13 36
150 91
102 174
2 109
18 112
166 43
49 60
85 27
124 78
127 92
100 5
97 99
16 6
169 151
93 55
58 109
42 55
165 133
56 47
22 177
1 101
17 147
199 192
148 163
183 62
49 68
178 10
103 197
85 99
66 47
66 191
150 68
166 45
74 69
53 15
131 20
82 151
26 45
193 89
82 62
56 113
142 33
82 50
119 21
124 62
22 83
121 71
11 110
161 35
199 33
70 158
105 94
193 60
119 57
111 136
142 110
53 75
194 159
13 159
74 41
160 168
124 99
175 118
189 37
1 43
178 156
175 94
175 153
111 68
18 156
74 5
42 31
59 19
2 143
185 168
193 197
59 159
98 12
149 151
44 140
155 20
131 14
64 41
70 190
108 168
185 101
95 190
111 147
93 128
187 65
88 151
4 126
38 28
166 89
119 125
164 109
1 30
67 123
182 177
105 117
7 126
141 109
169 27
124 163
195 196
194 20
97 139
76 69
164 75
187 10
145 118
189 99
138 72
9 12
13 94
165 61
49 65
59 140
102 126
108 200
187 171
103 154
96 99
100 55
106 47
172 5
132 122
44 174
199 60
44 99
3 113
160 78
120 126
86 89
165 45
96 168
142 94
82 57
149 156
119 118
13 188
56 36
56 133
180 99
193 112
137 188
106 125
161 197
111 171
183 27
175 69
26 146
29 8
74 89
104 89
100 99
44 89
96 177
127 158
22 171
161 146
1 159
98 200
149 83
149 91
52 61
44 12
70 107
56 87
26 190
39 73
130 25
82 73
74 158
104 118
173 35
104 62
138 163
135 69
165 27
49 8
88 87
51 46
102 48
179 78
66 143
85 177
97 35
52 117
100 89
162 10
52 30
119 78
18 72
17 191
2 60
38 188
67 69
127 109
121 40
124 143
16 109
7 31
141 107
44 198
13 78
53 136
1 31
80 19
74 72
142 196
3 36
137 43
85 113
29 118
130 186
59 15
13 12
155 12
103 25
161 123
121 30
182 62
142 71
103 60
199 113
32 69
85 134
164 21
26 115
187 118
85 140
26 154
129 8
90 139
187 109
135 152
38 186
130 136
56 27
80 133
148 168
95 113
193 99
7 192
44 122
70 84
29 181
82 181
64 134
17 33
16 54
150 99
88 118
11 33
185 153
81 36
7 113
86 163
17 196
135 36
129 174
145 15
2 62
26 71
76 177
108 14
162 153
17 46
124 144
93 60
74 125
195 181
194 146
170 200
180 152
26 28
114 125
145 40
52 134
56 125
165 186
18 110
49 146
97 126
129 113
85 31
1 75
178 190
138 191
141 37
100 60
121 73
49 71
105 75
114 15
150 62
127 196
132 128
195 47
120 35
127 140
85 34
173 110
44 153
199 68
97 5
59 171
166 112
11 177
7 91
95 115
138 151
16 167
149 115
148 157
105 113
74 190
22 110
111 92
82 109
98 69
173 60
138 197
85 154
82 154
150 75
93 99
185 40
150 147
7 92
120 68
187 151
178 54
114 198
82 20
120 30
130 89
85 144
39 168
132 6
176 197
11 191
100 159
106 10
11 159
183 198
32 89
2 20
116 14
166 107
194 91
51 186
194 46
81 28
120 117
150 192
182 123
44 109
108 113
98 136
169 34
108 112
169 47
93 87
98 45
111 117
29 125
64 168
108 19
189 62
58 177
155 188
145 84
179 200
29 115
132 144
66 188
184 167
3 107
7 115
150 48
170 94
104 188
93 191
39 118
80 118
90 198
26 163
3 186
104 30
7 136
67 68
52 71
187 113
131 154
56 12
67 65
185 151
38 45
120 91
161 57
182 136
108 197
162 174
137 139
74 21
121 19
7 54
77 8
114 109
82 168
187 15
155 197
1 158
189 101
81 157
103 28
172 91
96 163
22 30
199 63
90 196
76 192
93 198
76 152
199 152
127 69
121 24
120 55
137 63
44 191
124 152
53 84
38 63
81 159
17 163
4 25
176 8
199 123
164 156
106 30
199 153
51 197
169 10
165 75
102 196
137 146
116 110
88 197
176 157
79 134
173 14
169 57
67 78
86 125
96 35
195 163
103 115
32 72
66 24
175 12
17 73
49 117
155 192
114 143
176 143
119 83
100 144
16 174
66 192
103 109
58 146
88 21
105 47
58 192
145 47
53 197
182 28
1 24
119 157
172 168
44 168
58 46
51 48
102 87
180 125
150 19
7 48
64 167
111 192
161 71
3 60
180 31
85 30
193 144
42 198
195 146
58 101
39 186
13 57
195 159
170 28
132 23
184 186
178 200
98 87
49 87
102 128
185 6
2 63
169 140
59 5
32 107
74 167
176 84
166 75
162 115
175 188
93 33
170 46
189 109
132 63
141 101
111 20
96 107
26 6
195 8
111 87
76 126
114 94
16 134
161 192
169 197
176 147
7 41
145 37
85 159
4 10
98 43
95 198
96 12
51 71
70 68
120 37
85 151
166 27
193 188
100 75
120 75
97 69
56 152
74 31
97 198
172 15
59 197
145 60
98 54
1 21
124 157
132 152
199 37
121 186
162 71
93 12
131 47
39 41
120 24
138 122
172 156
98 15
77 30
129 83
160 83
114 21
53 118
22 92
18 35
44 84
95 181
135 23
184 147
42 21
124 41
17 113
135 46
120 109
141 31
22 190
64 153
32 136
161 48
76 144
164 133
26 122
142 40
189 159
7 27
81 20
166 159
170 25
97 46
116 126
66 109
161 122
58 144
131 115
17 41
175 171
187 146
88 140
166 73
64 107
193 23
42 15
18 19
102 159
95 19
120 73
96 154
51 24
173 107
52 34
11 61
88 72
49 28
85 197
96 190
182 110
49 27
179 12
98 46
185 8
26 123
104 23
124 92
67 92
180 61
120 25
176 46
179 30
52 83
149 50
11 109
4 154
135 147
138 136
131 57
106 72
189 151
80 54
145 188
76 34
195 73
105 134
100 154
137 10
103 36
17 115
121 94
97 75
127 167
7 19
127 171
161 186
104 113
104 12
90 24
88 31
193 36
64 71
195 54
120 134
52 60
149 92
51 31
11 55
1 72
185 27
131 65
77 192
120 23
1 191
22 188
162 99
52 157
193 171
26 177
98 146
169 118
81 154
58 157
106 134
51 115
182 200
74 159
17 62
70 5
135 107
169 73
187 174
180 48
169 30
172 60
199 35
195 45
7 122
161 24
164 159
132 192
137 23
132 186
2 197
183 144
176 21
193 152
176 43
64 68
22 163
32 10
98 174
106 27
64 61
120 147
166 110
132 89
44 156
150 73
85 190
16 21
82 128
53 83
150 125
11 8
18 99
124 109
135 83
182 140
148 55
64 40
178 31
155 159
39 25
170 36
183 72
130 84
180 75
11 140
142 36
81 50
145 143
132 139
187 188
111 177
58 143
132 5
53 177
142 91
180 115
64 54
165 5
114 186
9 33
64 21
51 139
52 47
98 147
119 144
26 37
179 73
67 140
160 57
105 45
199 147
141 28
194 21
7 153
176 57
16 36
119 34
129 28
120 152
76 171
161 40
114 63
170 157
17 10
102 27
170 113
16 43
114 6
18 87
179 50
32 73
3 5
1 5
11 139
164 33
26 12
2 101
104 125
3 147
129 159
2 27
51 99
150 188
138 177
88 139
51 128
59 151
106 188
179 15
194 153
44 107
88 144
105 128
114 65
135 101
90 154
86 112
170 140
51 50
88 83
138 196
85 47
105 158
74 19
64 133
111 65
39 146
67 94
85 73
85 188
145 48
74 15
18 75
76 109
22 118
145 158
194 134
98 8
77 122
104 147
26 35
193 33
76 30
96 73
184 154
194 14
22 84
130 41
56 63
182 146
49 196
67 37
105 197
131 91
194 40
90 35
38 134
130 65
52 125
180 118
82 46
2 177
2 181
80 35
194 36
149 43
96 171
175 84
166 94
95 200
13 158
162 146
116 60
172 107
77 92
82 200
149 101
166 136
16 28
93 73
29 192
120 167
29 139
95 34
29 154
137 54
166 139
164 198
4 89
79 107
127 63
58 68
105 78
49 94
9 10
108 63
29 5
170 83
59 23
148 6
97 171
130 154
187 167
100 12
170 60
195 167
100 107
116 41
162 140
96 115
52 140
97 45
81 146
86 107
119 198
86 30
38 109
42 83
103 94
124 186
51 109
44 152
141 147
64 110
179 107
145 33
102 122
77 191
102 6
79 69
132 146
116 47
85 35
102 40
179 63
108 144
195 84
142 134
100 171
184 198
195 198
120 101
160 68
9 83
172 200
67 101
39 84
173 99
182 41
176 112
182 5
70 134
11 107
86 143
17 37
141 146
164 197
105 60
180 154
56 146
173 54
17 92
17 99
184 118
58 200
102 71
183 153
53 37
160 8
141 123
93 78
16 24
59 60
97 54
120 107
70 99
149 46
13 133
195 20
44 159
97 83
104 110
138 125
53 12
108 48
182 171
193 6
80 123
111 126
96 122
4 181
120 46
127 57
182 20
127 54
18 55
52 92
42 69
176 168
180 159
185 200
44 146
145 177
26 68
70 115
17 20
79 27
80 144
160 118
172 8
2 107
155 151
160 146
66 128
18 89
161 171
9 126
193 186
49 19
145 115
161 136
120 200
38 192
132 37
90 117
180 167
80 171
135 174
106 50
187 20
180 21
150 109
93 110
193 83
3 171
175 136
77 152
9 91
88 71
42 168
49 171
86 197
138 75
82 197
105 144
155 57
180 50
161 14
85 41
17 153
13 27
32 110
135 167
194 23
127 89
90 27
185 118
173 92
64 23
1 190
100 197
149 45
195 50
67 47
32 33
9 31
93 159
131 73
116 134
11 198
164 190
81 27
66 174
108 55
182 60
155 15
180 37
102 36
119 143
1 40
169 107
130 72
17 89
42 62
81 134
114 8
105 57
135 84
131 68
124 33
166 84
77 12
180 46
9 8
67 134
195 128
149 122
53 147
4 101
70 41
18 144
166 50
86 177
194 61
189 134
67 112
114 71
18 123
102 25
161 196
178 63
175 33
11 171
3 37
74 68
49 72
176 122
26 84
138 65
26 196
135 78
173 192
79 34
160 174
105 171
172 55
98 57
38 55
195 48
80 126
195 152
9 34
129 151
138 128
22 27
178 41
93 109
26 94
131 37
11 112
13 55
195 186
129 171
70 168
49 140
9 133
77 10
22 156
184 157
106 107
17 35
85 157
124 87
161 33
195 15
26 198
9 84
44 91
49 5
67 143
138 27
80 15
124 50
39 159
164 99
102 198
102 177
179 40
103 23
76 89
98 92
173 20
26 20
2 196
22 174
138 10
74 188
59 34
66 147
39 143
42 30
108 8
29 34
111 19
56 110
64 117
97 72
187 181
81 71
93 144
103 48
53 192
86 123
173 47
82 174
66 25
104 6
104 92
102 144
124 89
44 62
165 168
2 123
187 200
150 31
108 181
166 36
150 8
53 167
160 101
102 117
162 122
164 6
120 188
85 94
172 143
104 152
124 6
66 5
108 154
49 23
56 198
178 181
2 10
162 177
7 171
82 186
58 191
90 126
26 107
53 92
17 107
79 174
116 140
9 36
111 10
178 115
81 72
160 113
165 72
104 123
70 118
111 55
179 112
51 69
56 71
97 134
18 171
11 92
175 36
2 30
49 113
193 5
131 117
165 78
81 196
127 192
111 5
127 21
129 200
58 126
95 151
176 35
76 15
185 99
1 198
142 46
175 37
131 181
119 61
66 73
137 200
56 192
166 188
88 188
53 139
185 87
166 157
79 21
114 40
79 110
170 167
178 143
187 45
103 107
111 158
66 92
13 73
119 27
155 91
137 154
90 109
100 83
135 10
119 50
44 33
58 123
170 122
96 75
176 27
150 37
16 40
52 136
124 126
182 72
155 136
182 117
155 63
82 15
184 99
161 75
97 23
103 157
93 167
120 83
82 25
76 154
51 154
127 134
106 54
105 68
189 55
114 122
102 143
32 99
85 48
141 40
74 83
18 14
165 94
145 134
149 200
187 68
44 192
80 41
98 89
162 196
176 41
155 24
77 112
38 34
187 19
76 23
32 109
121 27
189 140
160 156
162 151
18 12
52 192
173 118
160 197
44 200
148 181
175 62
39 128
100 181
58 133
100 134
66 14
51 15
3 54
59 41
120 62
137 25
195 14
199 156
79 46
182 163
67 91
70 154
97 25
95 147
165 68
162 118
29 140
184 27
119 196
135 27
111 196
150 34
32 27
103 89
2 157
116 69
130 134
93 107
17 27
135 35
39 8
164 55
97 91
103 200
137 87
149 157
81 113
185 107
29 20
121 152
119 113
179 158
76 50
79 54
90 45
150 61
169 163
124 151
44 14
100 125
137 19
77 89
97 78
184 87
176 99
142 73
172 6
116 190
169 91
170 12
3 181
142 174
129 110
129 144
64 75
4 163
124 69
132 91
148 75
183 47
97 30
178 65
51 10
193 30
129 5
39 10
38 92
32 151
76 157
38 152
199 24
194 68
173 146
160 36
130 73
141 25
44 8
67 61
90 10
173 36
85 196
90 75
90 47
145 126
193 78
131 45
189 156
108 47
82 69
42 91
82 107
179 35
116 15
66 140
173 48
53 110
26 143
56 197
32 15
42 28
129 43
56 78
172 157
85 15
138 21
103 147
58 198
165 109
86 62
161 177
76 146
22 139
85 57
150 35
132 115
96 89
4 110
124 177
138 73
106 152
135 109
142 192
102 136
70 35
169 25
183 159
38 89
95 45
38 15
13 41
98 23
127 12
9 27
98 113
129 118
150 47
172 94
127 37
108 140
76 87
119 181
141 83
194 110
77 144
127 200
182 15
184 117
42 12
116 63
59 47
86 75
22 115
56 126
51 122
182 27
100 72
18 48
51 30
164 188
108 94
58 91
141 72
183 92
32 192
162 125
182 68
85 163
52 10
85 192
184 140
18 6
39 200
59 144
166 144
121 136
9 140
176 61
96 156
26 133
82 8
180 8
189 78
162 5
81 168
199 198
137 47
86 54
77 63
169 43
173 55
70 8
194 47
185 47
148 136
138 92
82 23
49 21
170 117
98 196
102 192
13 54
105 146
67 12
199 109
175 25
85 125
4 156
170 110
119 35
18 65
66 134
104 171
179 163
82 91
178 91
1 71
199 112
1 139
3 65
104 159
44 40
161 89
9 5
77 65
129 181
141 171
148 61
193 146
116 151
176 34
95 168
193 190
185 117
7 128
4 151
64 115
127 60
148 25
160 94
175 140
135 192
164 25
172 171
182 118
70 28
130 75
179 33
80 69
111 128
127 91
178 167
175 128
182 154
2 139
59 198
97 152
42 78
135 25
149 198
82 28
56 84
195 43
195 107
42 107
49 10
95 41
150 33
105 168
16 61
95 109
169 75
106 200
16 65
116 87
22 21
169 94
183 61
195 125
3 192
130 31
7 152
53 89
44 61
103 156
44 126
1 23
178 24
105 8
148 62
22 35
187 55
162 61
77 27
106 75
39 34
38 23
165 200
95 110
32 60
67 158
44 69
88 47
170 92
179 8
170 69
138 36
145 136
32 50
82 118
121 20
199 30
7 12
148 23
52 54
173 34
22 140
185 19
53 68
11 57
132 33
51 23
86 72
116 10
95 157
88 34
2 84
165 122
11 41
142 25
39 167
182 128
189 191
116 157
49 12
103 112
1 48
149 14
108 188
182 196
58 8
121 163
119 75
193 37
149 30
138 87
104 186
114 117
161 91
137 8
51 14
119 65
194 15
88 25
176 140
120 133
16 191
121 45
74 107
132 62
38 136
114 146
86 122
179 167
16 163
86 68
38 43
111 151
161 159
76 5
103 122
70 36
166 92
119 188
3 140
7 63
176 75
16 30
44 15
141 55
66 117
155 144
98 123
66 10
138 115
111 8
142 45
142 27
178 174
22 101
124 30
96 83
4 41
164 191
76 147
121 62
80 188
182 147
199 118
18 10
155 156
162 107
195 34
16 125
119 40
185 68
142 63
51 190
67 45
97 61
13 110
86 200
183 181
116 99
138 28
119 20
52 107
149 6
64 152
183 46
16 62
138 54
179 186
132 48
169 35
131 61
70 146
53 14
100 69
106 174
67 83
39 147
178 71
182 8
58 60
178 5
111 163
149 186
18 159
59 112
145 168
16 78
108 186
29 40
179 143
132 191
32 163
64 43
16 84
160 112
160 75
120 8
11 168
183 20
88 23
32 34
155 65
137 14
106 84
106 115
127 5
97 48
108 110
145 10
179 109
66 36
129 94
150 196
199 191
185 198
17 94
138 89
149 35
49 48
161 113
80 33
52 190
44 125
183 10
18 117
120 123
64 99
138 43
16 168
97 68
38 57
116 146
142 157
120 174
173 197
116 181
145 133
199 190
180 107
180 197
166 54
193 101
11 68
102 147
76 72
52 151
77 71
52 115
29 69
74 63
58 35
32 154
74 109
9 157
114 177
160 24
161 110
96 113
194 188
58 57
137 181
121 140
175 30
22 34
127 117
193 14
100 27
64 112
79 10
180 153
3 23
160 157
100 186
66 196
13 117
160 139
106 33
124 147
80 24
17 63
121 43
18 153
155 113
175 109
176 163
85 72
59 21
100 46
148 50
2 153
79 181
160 171
161 15
7 163
132 188
88 30
132 197
98 126
13 197
26 191
56 5
4 83
120 43
70 151
3 101
58 197
176 171
74 57
42 23
26 89
102 14
165 91
51 156
142 140
155 40
44 144
59 6
9 168
7 78
103 188
185 110
76 6
132 72
42 40
124 94
120 54
108 117
119 46
67 197
137 69
53 6
38 174
106 181
178 40
86 144
102 45
195 168
180 140
11 151
145 117
106 83
88 27
96 14
1 186
85 122
183 113
16 92
17 8
187 101
79 40
184 6
164 60
120 57
132 55
104 31
77 47
82 31
76 24
194 12
182 143
56 101
161 174
127 61
7 191
88 177
129 72
88 147
22 128
166 134
138 143
161 167
142 78
18 30
100 24
195 91
81 41
59 71
155 99
119 117
70 167
96 41
59 54
59 156
38 20
58 75
95 153
138 41
129 136
189 69
77 23
81 83
175 139
176 10
38 30
18 41
148 143
88 99
148 48
138 188
49 118
185 41
173 28
135 68
132 147
150 154
182 31
32 158
148 36
179 20
102 186
119 109
96 198
2 134
11 154
111 15
29 71
81 94
98 34
194 113
166 186
64 48
180 136
130 71
105 55
16 10
170 139
81 198
111 152
131 168
22 144
175 5
4 197
135 191
100 156
22 31
74 157
81 75
145 159
82 126
64 118
51 159
97 157
116 191
164 181
187 91
116 147
26 54
100 19
138 83
90 55
114 19
70 152
145 45
32 19
129 73
111 109
16 177
155 177
2 118
52 21
97 167
175 115
44 35
148 83
76 197
95 171
142 101
58 27
44 65
116 117
185 83
127 122
180 20
22 46
76 28
52 123
179 157
42 63
74 91
165 153
166 196
155 140
7 5
187 140
149 154
162 171
106 139
199 196
97 159
103 117
88 84
66 72
85 171
179 136
187 168
29 113
187 126
11 63
148 101
119 43
180 143
58 171
4 73
150 144
2 200
49 54
149 8
16 107
105 198
56 188
149 140
16 115
145 101
111 14
9 94
155 83
130 143
175 43
100 198
155 33
16 144
193 153
173 115
11 192
111 63
96 151
160 128
13 177
9 156
180 191
189 31
175 126
106 21
182 158
95 36
149 94
13 87
96 46
135 190
176 188
86 92
105 14
137 147
195 154
180 72
13 154
102 69
182 144
16 68
80 122
56 154
137 101
149 28
103 15
180 33
42 200
124 113
173 158
149 72
39 190
194 43
77 136
150 136
74 87
42 174
86 55
52 37
3 92
148 20
137 40
49 34
16 143
104 151
3 91
161 34
160 55
183 126
74 36
32 78
195 147
176 68
4 19
182 71
166 147
67 152
148 158
120 136
100 20
3 134
199 69
81 91
124 37
195 23
142 61
67 55
9 65
17 83
194 147
85 71
178 12
150 158
195 123
193 163
164 87
82 40
4 144
4 140
114 147
7 34
70 163
173 140
119 23
1 147
49 128
150 133
79 20
76 31
137 45
161 140
16 126
85 65
127 47
52 20
97 62
165 65
67 33
81 69
51 72
29 200
81 143
135 146
132 54
185 167
179 156
172 123
164 101
64 113
127 83
132 117
164 128
148 107
145 147
149 61
53 107
169 19
120 15
58 158
67 63
90 112
170 19
106 123
150 101
150 190
193 54
172 83
3 63
130 188
148 153
135 28
166 40
193 143
9 35
66 50
77 54
80 200
11 188
2 91
119 191
108 89
77 101
79 123
138 12
160 54
39 151
53 128
64 157
22 73
13 112
81 190
105 25
185 73
142 8
111 125
178 147
17 186
182 78
104 154
44 186
42 45
66 115
179 34
88 37
1 136
70 78
16 91
175 146
70 10
111 27
9 158
64 151
39 99
53 112
52 158
86 61
195 94
39 14
95 23
164 200
88 158
106 37
26 46
111 35
114 54
193 159
80 136
32 113
95 112
194 136
7 151
106 140
102 109
85 167
18 122
2 48
86 115
11 23
70 45
17 126
164 115
108 34
189 126
173 5
199 177
95 48
175 50
195 87
22 19
66 78
18 34
39 154
93 10
39 68
165 37
193 20
142 69
39 37
108 54
149 75
38 31
124 31
135 19
127 186
189 196
187 136
161 147
81 65
166 153
187 92
145 21
131 46
166 25
26 48
66 136
182 156
145 62
66 126
29 117
127 163
11 126
165 84
44 63
64 6
169 146
124 21
165 73
189 57
111 154
76 21
7 14
114 128
169 136
170 107
11 84
67 72
3 156
67 54
178 144
98 60
44 23
1 36
121 177
95 20
98 5
185 197
124 83
119 31
52 159
38 128
185 159
142 146
184 94
58 94
16 75
160 147
131 23
108 28
97 73
138 181
155 190
106 28
39 60
111 71
13 8
105 27
162 75
137 6
160 33
114 101
9 151
183 101
18 54
155 84
130 156
142 28
59 72
49 20
88 196
11 125
141 133
193 12
165 115
129 40
29 83
22 146
108 35
114 75
138 19
182 12
166 146
150 28
121 112
142 30
142 35
187 115
119 147
124 61
173 167
183 84
53 40
180 134
185 157
95 92
93 94
116 68
129 177
56 6
67 117
39 75
111 40
22 113
67 57
97 151
187 73
79 99
189 21
179 133
160 107
121 75
59 146
119 89
170 151
38 84
88 152
38 46
150 128
18 151
195 6
77 35
161 20
164 24
194 181
9 117
53 143
29 190
131 87
102 15
95 133
178 151
26 200
138 57
86 83
195 36
166 83
93 68
132 61
49 134
4 152
187 197
176 174
105 63
182 186
26 128
145 35
3 10
86 57
88 157
79 101
7 83
178 30
173 177
104 146
26 65
172 177
137 24
160 37
189 91
32 188
102 19
195 110
173 91
162 54
13 113
121 133
184 136
160 14
131 146
39 188
131 147
165 30
42 143
161 158
80 107
80 14
42 72
64 84
182 48
11 157
67 31
185 35
104 191
108 128
105 159
127 139
199 167
22 41
96 125
116 200
76 45
164 143
166 163
58 71
155 198
64 123
114 31
199 31
137 156
165 118
1 83
127 24
194 33
160 34
189 181
29 167
119 177
102 43
4 191
141 190
7 168
97 12
145 78
108 20
38 69
2 34
56 40
3 48
185 72
64 191
76 47
183 8
127 112
184 71
11 24
76 12
137 28
44 136
88 91
176 55
93 62
56 68
162 37
178 110
166 113
76 91
90 72
26 136
81 21
58 10
82 188
169 20
119 63
56 14
155 126
88 112
80 27
79 192
51 92
170 91
74 75
194 118
142 19
175 152
13 60
160 69
32 147
16 157
176 20
142 186
160 115
80 78
13 101
90 128
176 83
184 34
4 69
161 181
187 71
121 126
82 94
162 123
53 8
103 143
32 12
82 147
59 10
176 45
145 140
4 123
66 144
16 23
131 192
119 60
93 89
44 41
161 46
70 174
100 136
199 133
26 24
176 37
39 27
111 181
173 196
130 128
85 109
164 83
131 113
106 71
161 63
165 188
108 46
149 69
132 57
114 153
195 139
16 139
173 50
195 192
149 25
111 146
165 57
185 69
137 109
106 99
42 139
193 157
189 63
184 113
138 78
148 154
178 15
38 101
3 188
106 41
131 43
86 69
88 68
170 35
199 136
172 71
129 157
173 171
127 43
3 158
193 198
81 87
1 69
119 151
16 55
135 8
173 23
184 37
114 152
176 151
39 30
39 115
74 12
170 152
199 21
169 41
121 156
58 33
79 197
106 198
182 35
59 27
95 186
70 25
1 28
132 154
96 21
18 24
184 84
79 158
114 41
81 128
104 190
119 171
173 89
53 140
52 40
32 31
3 125
32 61
121 28
26 139
150 156
66 69
166 198
66 99
76 73
52 143
16 110
130 37
169 126
138 156
173 134
182 168
56 73
70 198
90 63
124 43
195 92
4 196
137 107
121 139
175 174
49 57
7 167
42 20
127 15
9 89
66 110
18 45
194 55
131 200
185 144
179 190
142 99
32 65
183 140
59 43
160 48
56 99
3 69
103 61
85 83
185 28
150 36
165 134
138 62
88 143
1 181
132 10
105 10
104 128
162 188
93 71
51 73
149 110
124 192
74 46
114 174
39 71
124 10
82 89
88 73
97 112
131 60
137 46
127 19
164 30
70 125
96 109
176 12
74 118
137 78
49 41
170 168
120 198
180 25
148 92
183 197
116 89
11 94
64 92
141 188
195 115
155 23
114 89
93 30
42 84
137 186
195 37
11 153
7 110
104 198
97 37
17 136
111 140
100 122
193 126
77 84
150 43
145 30
59 186
169 69
119 8
120 154
103 50
155 8
1 10
85 146
178 78
98 27
149 147
56 156
64 14
148 191
80 63
173 128
3 168
124 107
96 5
95 163
130 24
164 122
17 125
179 48
104 157
96 126
56 167
52 181
187 61
97 117
56 174
98 48
76 110
179 14
56 92
29 109
53 157
119 37
76 156
74 113
2 15
187 21
58 190
135 30
199 75
137 73
164 63
7 197
88 46
90 60
129 117
49 35
42 186
81 139
98 144
76 71
77 31
162 14
176 31
56 190
175 159
103 6
119 128
178 55
90 101
86 190
100 192
67 128
178 87
149 112
53 60
131 84
49 109
162 23
2 171
22 197
79 157
64 19
108 33
29 23
148 5
66 153
39 15
16 123
32 133
38 73
86 99
97 101
137 50
189 157
170 197
58 12
129 19
53 50
86 28
116 109
70 57
172 167
81 153
175 19
182 91
165 196
161 151
175 200
86 87
29 151
120 33
106 122
148 122
121 83
76 48
176 118
2 94
149 192
88 163
135 61
173 109
130 14
52 27
116 6
79 140
52 48
121 6
13 156
175 47
194 198
127 23
178 163
138 118
42 197
79 61
44 72
189 41
88 110
105 143
130 20
88 48
187 158
194 163
86 40
104 87
155 62
150 191
66 112
76 159
39 35
131 62
38 47
66 107
32 168
164 27
169 186
187 99
124 73
129 60
111 191
185 91
106 46
189 200
3 110
51 84
100 123
116 43
161 21
169 147
1 109
160 159
185 24
17 65
160 63
58 87
142 128
11 200
58 113
32 139
51 28
148 123
183 196
194 139
194 34
81 122
187 152
173 94
53 73
182 54
184 54
162 57
7 94
64 27
130 40
7 24
166 152
1 89
95 14
77 196
38 146
74 8
182 99
172 158
182 57
120 28
124 23
127 153
58 6
195 83
102 157
1 113
116 91
189 8
58 181
164 152
9 40
183 117
76 136
32 83
145 87
176 73
127 101
129 10
79 171
119 115
42 122
22 125
148 128
32 144
64 171
18 196
127 33
4 14
195 10
129 153
150 167
142 34
189 72
67 15
183 12
22 55
79 163
53 54
142 112
145 153
93 140
176 128
52 89
7 146
148 200
162 198
103 71
85 168
141 89
97 168
100 31
124 48
169 68
150 45
108 15
132 101
9 107
121 91
142 139
169 84
170 47
137 36
95 87
124 8
120 5
180 73
53 36
182 10
185 152
138 63
106 136
184 168
85 107
116 8
130 48
39 113
178 153
131 136
77 55
119 33
79 60
70 23
155 152
80 43
52 126
187 112
81 109
114 47
64 57
149 5
137 68
129 147
95 21
131 8
95 89
111 33
97 153
164 19
51 65
142 152
185 10
129 45
135 198
185 84
11 47
170 57
74 191
18 186
142 48
161 134
76 62
141 140
176 190
121 10
189 23
189 110
120 94
104 15
187 40
124 133
2 192
1 78
195 31
95 47
16 140
142 15
76 35
2 54
195 46
32 186
119 156
131 35
49 200
131 83
17 87
18 47
98 154
58 72
195 60
164 112
52 68
59 153
195 21
79 12
108 101
194 117
77 151
102 115
22 151
74 117
161 94
51 107
179 154
116 174
102 37
180 12
194 5
182 36
178 72
52 167
18 113
13 84
132 107
162 158
137 30
70 128
164 40
11 101
184 144
4 200
131 34
7 45
98 118
3 46
11 27
183 167
135 140
137 177
111 6
145 139
52 31
93 19
81 133
7 159
53 125
170 112
82 21
49 31
13 28
4 186
64 34
74 65
135 62
93 40
119 133
95 72
135 117
39 6
180 19
114 48
56 134
13 153
184 177
98 73
194 167
100 78
160 134
165 62
179 75
129 62
44 25
51 94
3 190
26 63
104 41
175 192
82 177
149 134
1 54
193 28
135 186
74 6
88 117
141 65
76 115
58 110
172 46
135 99
124 63
44 118
141 48
90 14
70 14
183 186
18 69
13 157
67 200
135 156
7 109
114 46
85 112
22 54
102 23
193 87
105 54
194 158
178 99
105 125
29 35
141 12
194 107
52 154
137 55
121 12
88 200
155 89
17 47
3 83
79 37
44 196
96 91
56 171
76 200
150 117
22 198
184 75
102 63
104 65
185 60
95 8
135 37
29 136
96 123
104 197
165 140
162 83
130 122
148 15
131 63
114 68
17 60
155 167
142 153
93 57
170 54
170 31
162 147
82 143
169 153
132 159
148 113
194 37
131 36
77 154
175 27
141 43
18 158
11 197
124 46
42 144
194 157
165 107
51 192
137 37
66 19
124 84
51 36
120 41
135 200
80 101
172 146
9 198
164 117
4 171
170 146
74 14
38 91
29 196
104 153
90 65
127 40
127 174
1 63
67 89
162 24
64 65
179 10
81 126
82 61
183 115
105 15
82 48
80 99
9 192
199 171
106 15
164 174
97 191
164 110
11 134
11 118
104 115
184 48
51 126
155 34
120 112
38 40
66 43
9 71
11 20
105 109
108 23
103 57
183 156
108 171
52 94
138 139
82 75
106 171
138 154
104 200
189 117
53 45
165 197
7 68
116 154
137 159
199 144
141 136
77 156
90 94
108 87
121 14
79 133
2 87
116 72
149 125
85 200
105 21
129 197
53 198
82 45
85 68
74 200
90 122
52 50
64 25
179 126
74 110
137 122
183 112
98 19
70 188
100 139
102 62
132 41
127 84
18 101
3 154
121 167
1 134
178 112
22 91
49 110
98 10
130 83
80 8
180 163
172 57
193 139
142 6
182 92
42 110
49 61
67 171
148 146
29 6
102 133
155 47
173 61
162 200
77 174
179 31
80 197
80 115
100 109
38 198
56 50
17 43
141 61
193 55
102 101
111 143
2 186
124 57
162 15
104 8
2 110
97 84
67 62
79 147
185 136
56 57
38 41
124 118
11 91
77 41
176 117
13 134
67 147
148 91
180 78
56 30
22 136
42 24
97 118
183 133
132 112
164 154
66 157
111 107
132 163
193 10
77 14
195 143
179 60
100 146
141 181
105 40
96 24
2 83
106 73
164 15
74 151
175 177
160 21
86 146
148 37
114 190
42 50
32 8
155 92
179 125
80 25
85 63
187 94
166 71
189 146
4 158
189 60
22 133
184 125
170 99
22 123
164 153
9 73
74 20
184 5
56 186
169 31
103 55
137 91
9 23
114 168
142 167
29 171
17 91
142 41
42 75
169 128
44 75
175 31
67 6
169 158
16 72
141 94
111 174
90 134
3 21
166 20
93 69
116 54
67 146
90 192
120 19
29 57
52 198
100 73
59 99
127 8
29 91
150 65
17 19
96 174
77 28
138 46
70 196
26 75
170 6
178 25
1 57
77 125
162 92
52 6
80 62
64 101
67 122
148 84
111 54
172 30
26 126
49 181
178 84
106 62
193 136
169 152
194 133
105 115
169 71
111 101
103 69
64 31
199 8
1 6
97 6
185 61
105 118
97 28
172 122
9 55
193 46
103 99
162 159
141 99
88 40
199 19
9 78
189 25
131 15
79 126
170 73
160 144
66 46
58 21
102 46
82 24
67 71
161 188
81 163
26 27
195 62
172 19
194 174
141 6
164 14
114 167
4 5
175 113
70 37
53 196
96 65
22 191
100 118
51 168
170 192
173 30
85 158
108 60
182 43
70 71
104 33
56 65
178 92
119 174
93 151
111 144
149 65
76 118
2 156
160 99
26 61
142 5
105 50
85 10
137 190
195 144
70 47
96 139
119 36
16 69
185 65
16 57
131 144
127 156
187 125
1 61
145 73
102 24
132 196
42 35
96 188
178 36
93 139
81 62
96 147
18 94
114 73
145 23
165 154
44 128
64 47
176 152
121 198
179 134
114 72
59 78
3 27
119 168
104 14
172 72
39 69
132 92
17 25
130 57
165 123
102 94
165 12
80 89
64 196
189 139
149 113
194 190
131 99
100 110
100 14
195 112
4 75
64 144
121 47
85 75
56 140
104 75
7 69
53 109
162 6
179 37
88 20
165 28
149 62
38 50
86 36
194 92
39 123
131 177
70 156
132 20
39 134
161 99
135 168
67 5
17 197
58 99
70 19
76 20
172 23
88 62
98 72
170 68
183 94
145 198
29 12
67 139
116 12
172 133
39 152
66 146
59 126
104 174
194 125
160 188
187 154
169 101
4 63
114 43
119 190
175 91
95 63
16 41
142 21
51 35
161 190
85 33
67 191
111 91
132 14
1 60
116 71
77 126
116 101
179 117
4 50
76 78
175 57
26 118
172 75
141 163
88 115
129 109
161 125
13 14
183 5
149 107
79 30
22 60
22 159
11 146
7 125
169 50
120 158
102 107
4 27
169 83
103 19
32 55
32 14
64 158
3 33
56 117
193 92
170 78
79 50
129 163
105 36
164 126
184 60
193 113
195 200
199 48
17 139
160 89
108 12
165 156
183 50
111 112
90 146
58 41
130 55
135 158
88 65
32 177
38 12
155 35
121 125
141 191
80 168
26 60
169 171
185 139
81 23
102 31
155 147
108 126
26 83
170 71
179 122
100 158
160 167
189 128
130 146
64 45
11 117
64 109
44 36
77 107
176 62
58 78
22 107
189 125
42 125
105 69
131 159
155 143
2 191
135 20
38 33
17 55
9 113
121 68
100 41
187 153
17 61
86 5
105 46
26 87
77 78
193 128
96 10
100 143
56 123
130 94
85 153
179 181
98 75
193 63
79 143
16 198
127 72
93 25
66 177
114 57
194 99
183 109
184 50
67 14
170 158
173 190
178 133
52 23
59 92
162 34
77 72
81 167
137 99
189 10
85 28
183 30
9 43
166 31
131 191
162 152
162 63
26 14
184 190
164 89
103 20
120 125
150 78
1 174
161 128
98 83
129 36
77 133
49 112
22 68
145 146
4 36
127 159
26 57
119 19
120 113
131 134
74 198
137 92
98 25
11 174
70 126
155 46
7 196
111 75
22 8
178 45
44 133
185 48
194 115
103 158
66 21
56 144
178 20
7 144
184 159
137 140
137 34
183 139
16 12
97 71
106 128
114 144
52 147
149 133
141 196
32 128
142 122
77 177
161 50
52 191
119 71
80 177
38 54
119 48
166 63
39 139
93 72
3 28
183 190
100 35
100 8
3 55
194 192
1 156
56 45
189 171
189 5
103 45
169 63
169 154
88 69
108 43
145 50
96 54
96 68
44 83
49 43
18 140
96 112
189 190
81 60
176 33
149 19
64 87
74 27
111 168
80 28
11 15
66 27
22 47
182 101
149 48
141 115
82 41
150 198
180 45
77 46
18 37
131 89
77 157
86 45
116 83
38 156
141 198
135 157
106 151
79 41
180 35
121 168
135 112
13 45
184 46
56 181
17 151
182 47
53 30
124 128
145 41
193 117
93 101
49 191
165 174
187 54
129 89
64 28
194 27
176 28
86 133
179 92
93 147
137 60
86 158
119 159
149 33
127 113
166 68
182 73
86 110
121 5
195 19
26 30
52 15
129 46
96 134
90 31
102 35
195 30
184 28
172 128
3 123
121 34
59 62
180 55
145 14
29 61
141 27
93 24
32 112
106 117
7 107
106 14
39 122
82 63
145 36
105 140
141 118
22 5
162 197
142 107
52 55
127 146
4 168
130 28
179 113
194 45
59 30
13 20
64 60
175 10
149 78
131 25
116 61
121 192
9 63
9 68
189 168
53 48
74 23
183 57
178 48
184 63
111 45
108 192
9 25
137 41
96 69
18 21
106 87
141 113
193 200
111 139
180 23
185 15
160 196
70 31
180 57
176 113
114 140
22 23
189 83
148 110
185 36
189 198
178 122
81 55
86 154
172 109
130 99
98 157
185 23
184 109
165 25
67 34
16 73
135 47
138 146
96 128
176 72
111 57
66 61
2 99
51 123
16 5
149 63
175 21
199 61
49 15
137 84
90 20
13 83
150 27
1 8
80 186
22 36
104 181
77 167
26 10
180 190
42 41
130 47
119 69
149 146
17 133
150 94
38 68
129 126
22 12
141 24
82 65
162 31
111 83
185 174
184 73
180 28
80 147
114 107
79 24
170 87
150 84
102 125
64 36
141 151
98 61
176 65
7 30
183 40
100 140
178 69
141 84
127 198
80 45
16 50
39 61
95 55
102 200
149 31
124 24
161 41
90 181
155 78
96 71
79 122
105 72
66 15
2 72
180 196
176 159
93 21
76 83
180 192
148 33
38 112
29 94
129 101
195 69
145 154
108 68
81 151
93 54
98 152
173 37
22 24
131 156
3 94
102 47
162 47
67 48
165 112
3 167
58 156
148 174
199 117
182 33
141 5
16 196
138 47
7 154
74 186
175 68
116 188
85 118
149 68
56 109
114 133
120 87
9 6
165 159
142 84
150 151
169 72
145 69
82 14
17 68
185 140
135 122
49 47
116 133
182 139
82 34
185 62
44 24
173 8
111 24
173 24
51 118
195 27
187 156
4 31
160 136
176 25
4 122
185 134
164 134
184 33
137 171
76 63
155 50
64 10
106 186
160 123
66 159
145 112
39 20
98 191
129 143
176 48
172 35
58 43
164 92
150 140
11 54
111 30
52 43
81 48
95 30
124 159
116 24
121 110
155 60
32 118
150 152
80 92
149 177
51 157
185 20
116 23
97 15
145 113
173 143
135 43
58 84
162 62
58 151
138 48
4 113
86 63
74 33
76 61
17 31
130 147
70 34
67 107
39 33
64 136
161 101
105 163
56 136
119 146
82 43
51 54
96 196
44 5
52 78
105 188
90 48
1 20
104 50
105 5
51 163
124 123
170 143
165 181
145 197
79 91
179 47
161 126
85 101
129 69
49 45
66 31
195 99
51 89
86 147
42 126
76 27
160 60
74 146
1 73
121 60
85 186
100 37
74 24
183 75
137 113
175 101
76 10
161 6
121 21
102 112
1 133
44 139
95 152
26 188
90 156
81 191
104 27
179 21
176 196
3 20
189 46
120 181
98 14
95 65
165 31
120 140
135 72
195 89
119 87
178 136
142 197
161 19
64 139
150 40
187 63
56 34
38 78
98 110
114 154
160 65
130 144
88 123
88 5
4 12
108 10
51 6
135 57
194 41
120 78
13 33
108 21
189 158
166 61
100 87
169 33
130 174
148 45
148 197
195 118
121 171
108 30
17 72
29 174
180 91
98 159
183 31
44 92
49 139
38 171
26 50
148 65
142 171
2 117
141 168
26 36
124 146
16 190
164 196
80 61
160 125
22 45
42 151
29 144
106 40
141 10
176 14
76 123
199 40
26 25
93 63
179 69
59 37
7 188
29 87
185 147
17 177
95 54
51 153
103 84
42 147
2 152
105 110
183 89
138 101
176 92
106 48
129 152
130 19
39 50
135 151
111 118
64 174
148 12
64 186
182 174
161 36
189 14
142 168
76 188
184 78
26 47
166 122
145 5
90 68
135 40
93 27
162 186
178 43
130 62
194 126
22 14
180 117
135 24
183 43
142 83
22 99
85 61
182 188
53 146
32 40
29 188
178 62
132 50
2 75
58 112
130 101
51 144
29 46
105 65
70 30
100 177
