200 1996
1 103
1 105
1 110
1 111
1 115
1 118
1 121
1 133
1 134
1 137
1 139
1 144
1 148
1 151
1 154
1 159
1 171
1 172
1 180
1 186
1 190
1 193
1 195
1 196
2 102
2 112
2 113
2 122
2 126
2 129
2 131
2 135
2 140
2 148
2 151
2 153
2 155
2 158
2 165
2 170
2 171
2 172
2 177
2 194
2 195
2 200
3 110
3 111
3 114
3 120
3 123
3 125
3 136
3 137
3 138
3 144
3 145
3 157
3 163
3 164
3 167
3 173
3 177
3 187
3 188
3 190
3 197
4 101
4 104
4 107
4 109
4 114
4 115
4 116
4 117
4 121
4 129
4 130
4 131
4 133
4 136
4 138
4 145
4 150
4 152
4 154
4 158
4 170
4 172
4 173
4 175
4 176
4 177
4 194
4 197
4 198
5 102
5 105
5 106
5 109
5 112
5 113
5 114
5 117
5 126
5 140
5 143
5 147
5 150
5 153
5 157
5 169
5 183
5 184
5 185
6 108
6 109
6 111
6 118
6 125
6 135
6 136
6 148
6 150
6 156
6 159
6 166
6 171
6 174
6 177
6 186
6 191
6 198
6 199
6 200
7 109
7 112
7 117
7 127
7 133
7 134
7 138
7 141
7 142
7 145
7 156
7 168
7 174
7 181
7 184
7 194
7 195
7 199
8 104
8 106
8 112
8 114
8 118
8 121
8 126
8 128
8 130
8 132
8 135
8 144
8 145
8 148
8 150
8 157
8 164
8 166
8 172
8 175
8 192
8 193
8 199
9 107
9 112
9 122
9 138
9 142
9 143
9 144
9 150
9 154
9 167
9 171
9 174
9 175
9 182
9 193
10 119
10 122
10 125
10 132
10 141
10 142
10 146
10 150
10 151
10 164
10 175
10 185
10 189
10 191
11 102
11 104
11 108
11 109
11 110
11 119
11 125
11 132
11 133
11 136
11 139
11 142
11 143
11 145
11 159
11 160
11 161
11 166
11 170
11 172
11 174
11 178
11 190
11 196
11 198
11 199
11 200
12 103
12 107
12 111
12 114
12 127
12 129
12 131
12 132
12 133
12 134
12 135
12 151
12 168
12 171
12 172
12 179
12 184
12 186
12 192
12 195
12 197
12 198
12 199
13 101
13 102
13 103
13 105
13 112
13 116
13 122
13 128
13 129
13 134
13 140
13 141
13 146
13 153
13 156
13 162
13 164
13 165
13 166
13 167
13 168
13 169
13 170
13 185
13 186
13 191
13 198
14 103
14 104
14 110
14 116
14 118
14 130
14 134
14 135
14 142
14 147
14 154
14 155
14 161
14 164
14 165
14 175
14 179
14 196
15 102
15 103
15 104
15 105
15 110
15 115
15 125
15 130
15 132
15 135
15 137
15 138
15 140
15 144
15 148
15 149
15 154
15 157
15 162
15 168
15 171
15 172
15 176
15 177
15 180
15 185
15 186
15 190
15 197
16 106
16 125
16 133
16 136
16 138
16 146
16 148
16 152
16 162
16 166
16 170
16 187
16 193
16 196
17 103
17 114
17 117
17 121
17 123
17 125
17 139
17 144
17 146
17 148
17 154
17 157
17 162
17 170
17 171
17 186
17 187
17 188
17 194
17 195
17 196
18 109
18 114
18 124
18 126
18 128
18 135
18 137
18 138
18 143
18 158
18 161
18 166
18 179
18 199
18 200
19 101
19 105
19 113
19 123
19 127
19 132
19 134
19 141
19 152
19 153
19 154
19 155
19 161
19 166
19 185
19 190
19 193
19 195
19 197
19 200
20 112
20 114
20 115
20 118
20 120
20 121
20 123
20 126
20 132
20 133
20 136
20 151
20 156
20 157
20 164
20 168
20 177
20 180
20 185
20 191
20 195
21 110
21 119
21 120
21 121
21 124
21 126
21 127
21 128
21 134
21 136
21 137
21 148
21 152
21 153
21 162
21 164
21 169
21 177
21 183
21 200
22 106
22 107
22 112
22 130
22 140
22 146
22 149
22 151
22 153
22 156
22 175
22 181
22 183
22 187
22 192
22 194
22 195
23 113
23 118
23 120
23 122
23 124
23 126
23 127
23 132
23 134
23 138
23 139
23 145
23 147
23 149
23 160
23 161
23 163
23 164
23 165
23 166
23 174
23 175
23 177
23 179
23 181
23 182
23 184
24 102
24 103
24 112
24 116
24 117
24 121
24 122
24 123
24 125
24 132
24 133
24 139
24 163
24 164
24 167
24 171
24 172
24 195
24 196
24 199
25 101
25 105
25 120
25 142
25 146
25 159
25 160
25 171
25 176
25 179
25 180
25 182
25 186
25 189
25 190
25 195
26 101
26 111
26 113
26 124
26 131
26 132
26 134
26 137
26 147
26 150
26 152
26 161
26 166
26 174
26 187
26 189
26 191
26 193
26 194
26 195
26 199
27 102
27 103
27 105
27 116
27 125
27 128
27 139
27 142
27 144
27 151
27 157
27 164
27 167
27 168
27 171
27 177
27 180
27 185
27 187
27 189
27 191
28 107
28 126
28 127
28 135
28 136
28 138
28 144
28 150
28 155
28 159
28 161
28 175
28 180
28 189
28 192
28 200
29 101
29 110
29 111
29 119
29 120
29 121
29 128
29 129
29 131
29 140
29 142
29 145
29 146
29 152
29 153
29 154
29 155
29 161
29 165
29 167
29 168
29 175
29 177
29 184
29 190
29 192
29 199
30 101
30 103
30 107
30 109
30 113
30 114
30 119
30 121
30 143
30 145
30 147
30 148
30 158
30 162
30 169
30 177
30 178
30 190
30 195
30 196
30 197
31 109
31 115
31 122
31 130
31 132
31 136
31 138
31 150
31 155
31 159
31 160
31 162
31 163
31 169
31 172
31 175
31 181
31 186
31 187
31 190
31 191
31 193
31 194
32 103
32 107
32 111
32 125
32 132
32 144
32 150
32 153
32 155
32 158
32 166
32 167
32 168
32 170
32 177
32 186
32 196
32 199
33 104
33 108
33 113
33 114
33 115
33 116
33 118
33 122
33 126
33 127
33 132
33 134
33 135
33 136
33 163
33 164
33 168
33 169
33 178
33 179
33 185
33 186
33 189
33 194
34 106
34 113
34 117
34 119
34 122
34 123
34 130
34 131
34 135
34 138
34 140
34 141
34 143
34 144
34 145
34 149
34 166
34 169
34 170
34 171
34 172
34 175
34 178
34 181
34 189
34 197
35 106
35 107
35 108
35 114
35 120
35 123
35 125
35 133
35 138
35 139
35 142
35 143
35 149
35 158
35 163
35 169
35 172
35 179
35 196
35 197
36 101
36 117
36 118
36 120
36 127
36 137
36 144
36 145
36 149
36 163
36 165
36 175
36 191
36 193
36 198
36 199
37 103
37 119
37 121
37 125
37 135
37 146
37 150
37 151
37 156
37 157
37 162
37 172
37 174
37 188
37 194
38 103
38 106
38 110
38 119
38 126
38 130
38 131
38 138
38 140
38 145
38 153
38 154
38 162
38 169
38 176
38 180
38 188
38 197
39 101
39 111
39 113
39 120
39 121
39 127
39 134
39 137
39 143
39 150
39 152
39 165
39 168
39 175
39 183
39 185
39 195
39 196
40 101
40 103
40 110
40 115
40 116
40 117
40 119
40 121
40 126
40 134
40 136
40 139
40 159
40 163
40 171
40 173
40 177
40 179
40 184
40 194
40 197
40 200
41 102
41 104
41 107
41 113
41 120
41 123
41 125
41 135
41 142
41 146
41 148
41 149
41 152
41 158
41 171
41 177
41 187
41 189
41 194
42 112
42 125
42 139
42 149
42 155
42 157
42 159
42 163
42 167
42 171
42 177
42 182
42 186
42 188
42 198
43 103
43 105
43 110
43 113
43 126
43 127
43 133
43 134
43 135
43 137
43 138
43 139
43 150
43 154
43 158
43 173
43 176
43 178
43 180
43 181
43 184
43 186
43 189
43 190
43 200
44 106
44 108
44 115
44 128
44 129
44 135
44 136
44 138
44 141
44 144
44 148
44 151
44 153
44 155
44 156
44 157
44 165
44 173
44 174
44 178
44 180
44 185
44 186
44 188
44 190
44 193
44 195
44 198
45 108
45 110
45 112
45 113
45 115
45 117
45 120
45 128
45 130
45 139
45 148
45 149
45 150
45 151
45 154
45 162
45 164
45 169
45 178
45 179
45 181
45 182
45 190
45 195
45 196
46 101
46 107
46 109
46 115
46 121
46 122
46 124
46 126
46 130
46 131
46 133
46 141
46 152
46 154
46 155
46 180
46 186
47 104
47 106
47 108
47 112
47 119
47 120
47 122
47 123
47 129
47 139
47 146
47 149
47 152
47 153
47 157
47 169
47 172
47 184
47 191
47 193
47 199
48 102
48 116
48 117
48 130
48 134
48 136
48 140
48 145
48 148
48 161
48 177
48 187
48 191
49 102
49 112
49 116
49 118
49 121
49 124
49 146
49 149
49 153
49 154
49 158
49 160
49 165
49 174
49 178
49 180
49 182
49 192
49 196
49 199
49 200
50 112
50 113
50 115
50 120
50 124
50 130
50 136
50 141
50 145
50 146
50 147
50 148
50 149
50 151
50 156
50 184
50 193
50 200
51 101
51 102
51 103
51 108
51 116
51 122
51 127
51 129
51 134
51 156
51 163
51 177
51 181
51 193
51 194
51 195
52 103
52 104
52 107
52 131
52 134
52 135
52 137
52 140
52 143
52 147
52 166
52 169
52 178
52 195
52 197
53 108
53 110
53 111
53 117
53 119
53 122
53 131
53 134
53 143
53 145
53 147
53 151
53 161
53 174
53 188
53 191
53 192
54 101
54 107
54 110
54 111
54 115
54 124
54 127
54 129
54 133
54 142
54 155
54 158
54 160
54 163
54 166
54 171
54 176
54 183
54 185
54 196
54 197
54 199
54 200
55 101
55 106
55 111
55 112
55 114
55 138
55 145
55 146
55 147
55 151
55 157
55 163
55 173
55 179
55 183
55 184
55 186
55 188
55 191
55 193
55 196
56 106
56 107
56 111
56 114
56 116
56 132
56 135
56 137
56 139
56 142
56 153
56 156
56 162
56 163
56 164
56 167
56 170
56 184
56 187
56 191
56 196
56 199
57 101
57 104
57 105
57 118
57 121
57 127
57 132
57 135
57 151
57 160
57 168
57 172
57 181
57 185
57 190
57 196
57 199
58 111
58 118
58 121
58 122
58 124
58 130
58 145
58 148
58 157
58 159
58 161
58 162
58 168
58 169
58 173
58 174
58 176
58 177
58 180
58 183
58 189
58 192
58 195
59 103
59 106
59 110
59 112
59 114
59 117
59 124
59 126
59 129
59 130
59 132
59 139
59 141
59 146
59 156
59 157
59 162
59 163
59 165
59 182
59 186
59 190
59 192
59 194
59 199
60 107
60 111
60 133
60 134
60 139
60 149
60 150
60 156
60 163
60 177
60 179
60 181
60 191
60 193
60 195
61 103
61 110
61 111
61 114
61 116
61 117
61 119
61 121
61 122
61 128
61 131
61 134
61 140
61 146
61 147
61 148
61 152
61 158
61 160
61 165
61 166
61 171
61 177
61 179
61 183
61 189
61 198
61 199
61 200
62 107
62 111
62 113
62 124
62 129
62 136
62 145
62 147
62 149
62 155
62 158
62 160
62 162
62 173
62 175
62 180
62 182
62 183
62 185
62 186
62 190
62 193
62 197
62 200
63 102
63 112
63 113
63 114
63 115
63 120
63 137
63 138
63 140
63 142
63 155
63 157
63 175
63 180
63 190
63 196
63 199
64 105
64 107
64 117
64 121
64 126
64 134
64 139
64 140
64 142
64 145
64 148
64 155
64 158
64 161
64 163
64 174
64 184
64 198
64 199
65 101
65 104
65 106
65 107
65 117
65 123
65 129
65 131
65 134
65 135
65 144
65 147
65 149
65 163
65 168
65 180
65 182
65 185
65 188
65 189
65 191
66 118
66 121
66 131
66 148
66 162
66 163
66 172
66 175
66 177
66 184
66 192
66 193
67 104
67 108
67 114
67 118
67 120
67 129
67 130
67 141
67 142
67 157
67 175
67 180
67 189
67 192
67 194
67 196
68 105
68 106
68 110
68 113
68 117
68 123
68 125
68 126
68 130
68 131
68 138
68 144
68 152
68 157
68 161
68 162
68 167
68 177
68 178
68 189
68 191
68 192
68 196
69 112
69 114
69 115
69 136
69 137
69 143
69 144
69 145
69 149
69 152
69 153
69 158
69 160
69 173
69 177
69 181
69 187
69 189
69 190
69 194
69 198
69 199
69 200
70 103
70 116
70 122
70 131
70 142
70 143
70 148
70 172
70 175
70 177
70 181
70 182
70 186
70 196
71 111
71 116
71 122
71 126
71 127
71 130
71 133
71 134
71 141
71 142
71 145
71 160
71 166
71 168
71 171
71 179
71 185
71 186
71 188
72 105
72 111
72 114
72 117
72 120
72 129
72 131
72 144
72 152
72 158
72 175
72 181
72 183
72 190
72 194
72 196
72 198
73 106
73 107
73 110
73 113
73 114
73 120
73 122
73 124
73 125
73 141
73 142
73 146
73 148
73 155
73 183
73 184
73 187
73 193
73 198
74 116
74 118
74 120
74 121
74 122
74 125
74 134
74 142
74 147
74 158
74 162
74 163
74 174
74 177
74 178
74 187
74 193
74 200
75 119
75 120
75 121
75 125
75 133
75 136
75 144
75 151
75 154
75 159
75 161
75 166
75 170
75 174
75 176
75 182
75 185
75 192
75 193
75 196
76 101
76 105
76 111
76 120
76 126
76 128
76 145
76 148
76 152
76 153
76 155
76 157
76 161
76 171
76 174
76 186
76 188
76 191
76 193
77 102
77 103
77 112
77 120
77 151
77 154
77 156
77 163
77 164
77 166
77 182
77 184
77 190
77 191
78 103
78 105
78 109
78 110
78 112
78 114
78 115
78 124
78 128
78 130
78 133
78 141
78 154
78 158
78 176
78 188
78 195
78 196
79 101
79 102
79 103
79 104
79 111
79 118
79 119
79 125
79 126
79 129
79 133
79 136
79 139
79 145
79 149
79 153
79 159
79 166
79 169
79 175
79 176
79 187
79 190
79 191
79 195
80 106
80 112
80 121
80 125
80 137
80 142
80 143
80 158
80 161
80 164
80 165
80 170
80 172
80 176
80 182
80 183
80 187
80 190
80 191
80 199
81 112
81 118
81 128
81 129
81 138
81 140
81 145
81 151
81 155
81 161
81 164
81 170
81 174
81 182
81 185
81 186
81 196
81 198
82 102
82 107
82 127
82 128
82 139
82 141
82 152
82 159
82 171
82 186
83 103
83 109
83 110
83 112
83 126
83 133
83 135
83 141
83 142
83 158
83 166
83 171
83 181
83 183
83 184
84 103
84 107
84 109
84 117
84 126
84 130
84 132
84 144
84 145
84 148
84 160
84 164
84 170
84 173
84 181
84 183
84 187
84 190
84 200
85 105
85 107
85 117
85 118
85 120
85 121
85 125
85 127
85 130
85 133
85 137
85 145
85 160
85 166
85 173
85 176
85 182
85 183
85 190
85 195
86 104
86 109
86 122
86 126
86 127
86 135
86 138
86 143
86 145
86 146
86 151
86 153
86 166
86 175
86 179
86 192
86 198
87 105
87 108
87 115
87 118
87 119
87 127
87 128
87 134
87 137
87 139
87 140
87 146
87 149
87 155
87 156
87 168
87 169
87 179
87 183
87 184
87 186
87 187
87 188
87 192
88 112
88 116
88 117
88 122
88 124
88 126
88 130
88 132
88 133
88 145
88 154
88 159
88 167
88 169
88 176
88 178
88 184
88 191
88 194
89 103
89 108
89 111
89 112
89 120
89 124
89 130
89 131
89 134
89 146
89 153
89 154
89 159
89 164
89 166
89 170
89 173
89 183
89 191
89 196
90 108
90 111
90 115
90 117
90 119
90 130
90 144
90 148
90 158
90 159
90 161
90 172
90 175
90 176
90 186
90 187
90 188
90 196
90 199
91 107
91 112
91 121
91 122
91 126
91 127
91 129
91 139
91 141
91 142
91 144
91 145
91 151
91 153
91 159
91 163
91 170
91 172
91 180
91 182
91 187
91 188
91 196
91 200
92 103
92 104
92 106
92 108
92 117
92 126
92 132
92 133
92 140
92 148
92 153
92 160
92 162
92 175
92 182
92 183
92 191
92 192
92 195
93 102
93 103
93 107
93 112
93 121
93 126
93 127
93 130
93 139
93 147
93 154
93 158
93 172
93 174
93 175
93 194
93 197
93 198
94 103
94 108
94 110
94 111
94 112
94 114
94 120
94 126
94 127
94 135
94 136
94 152
94 153
94 155
94 157
94 165
94 179
94 180
94 181
94 184
94 188
94 193
94 195
94 196
95 101
95 102
95 109
95 123
95 126
95 130
95 135
95 141
95 146
95 147
95 159
95 162
95 169
95 176
95 177
95 182
95 188
95 192
95 200
96 106
96 110
96 115
96 116
96 117
96 124
96 130
96 131
96 134
96 138
96 140
96 154
96 155
96 171
96 179
96 181
96 182
96 185
96 193
96 196
96 199
96 200
97 107
97 117
97 118
97 121
97 123
97 124
97 126
97 129
97 130
97 136
97 137
97 158
97 160
97 165
97 166
97 172
97 176
97 199
98 108
98 113
98 115
98 131
98 134
98 135
98 153
98 166
98 173
98 174
98 182
98 184
98 190
98 193
98 194
98 195
98 197
99 116
99 119
99 127
99 128
99 136
99 140
99 150
99 166
99 167
99 168
99 173
99 184
99 185
99 187
99 195
99 198
99 199
99 200
100 105
100 112
100 115
100 117
100 123
100 125
100 128
100 132
100 137
100 142
100 143
100 144
100 152
100 153
100 154
100 156
100 159
100 162
100 164
100 169
100 178
100 181
100 182
100 184
100 193
100 197
100 198
