50 132
1 45
2 26
2 33
2 39
2 40
2 43
2 45
3 35
3 37
3 40
3 47
3 49
4 30
4 38
4 40
4 43
4 47
4 48
5 26
5 34
5 38
5 44
5 48
6 29
6 33
6 41
6 49
7 27
7 30
7 36
7 38
7 40
7 44
8 28
8 29
8 43
8 45
8 46
8 47
9 30
9 34
9 41
9 43
9 47
9 50
10 28
10 29
10 32
10 35
10 44
10 46
10 47
11 28
11 31
11 32
11 43
11 46
12 28
12 32
12 34
12 37
12 39
12 46
12 50
13 29
13 33
13 43
13 47
13 49
13 50
14 26
14 37
14 40
14 43
14 44
14 46
14 48
14 49
14 50
15 26
15 32
15 34
15 39
15 44
16 29
16 33
16 34
16 40
16 41
16 44
16 47
17 28
17 29
17 30
17 31
17 37
17 41
17 46
17 47
18 27
18 32
18 37
18 40
18 47
18 48
19 26
19 32
19 34
19 38
19 45
20 36
20 45
21 29
21 41
21 46
21 48
22 26
22 34
22 41
23 31
23 32
23 41
23 50
24 28
24 29
24 35
24 37
25 27
25 29
25 37
25 41
25 42
